100 100 100 99
901 99 99 98
98 902 98 97
903 903 97 96
96 295.95917942265424 96 95
294.93588689617928 95 95 94
906 291.93522228976235 94 93
709.09377289936629 93 93 92
92 712.09476047249245 92 91
286.87032588524858 909 91 90
910 716.13106197123079 90 89
717.17212265109413 911 89 88
88 479.78518411187116 88 87
476.75997770925062 87 87 86
914 471.75735663367453 86 85
462.7680234256087 915 85 84
241.42366197495403 402.03442883454255 84 83
400.00158474251947 238.68437331895751 83 82
764.05506911200951 395.99115241968633 82 81
385.49300000536721 768.08311616631283 81 80
232.32120970695959 565.78162839138656 80 79
561.74638915051389 229.59491530323339 79 78
773.13125062902157 555.73351664743348 78 77
543.36380574533143 774.47128452778111 77 76
371.46579251339972 495.24947206803483 76 75
473.66699174865249 639.39221835277249 75 74
622.52546069561788 645.88500071208091 74 73
638.64227994127259 487.0770037491672 73 72
491.92637262192153 363.48354548498969 72 71
751.24100409365121 247.54318261980902 67 66
251.4327363177041 250.01121214204642 66 65
240.6637921774672 761.04745273327785 64 63
627.50111894537474 353.54096167938184 61 60
679.11481366260932 766.2454806495474 59 58
344.66699231464366 639.4043024632133 54 53
370.57055627592945 370.25267790082779 49 48
800.63975333271799 800.29956230758717 48 47
738.9727751355631 678.76391431524814 47 46
589.20337646672306 954 46 45
958 593.16765277971558 42 41
552.52376645911227 558.45638523626099 38 37
591.77369789086652 37 37 36
36 596.99480391298721 36 35
598.95035771460959 873.58858068313089 35 34
880.66822762258914 587.03525108955228 34 33
486.57069477702515 532.16584823722883 33 32
124.70569822448026 592.98276234503555 31 30
587.83424174311517 123.762859917794 30 29
535.21903521323713 493.72968072793589 29 28
482.82578456302122 471.28091046532131 28 27
319.37626826816046 313.51457005402864 27 26
794.46950824316298 726.5572537219806 26 25
172.24815700450733 202.00590085603901 25 24
24 197.97958971132712 24 23
805.56415767647877 23 23 22
22 391.78518411187116 22 21
374.30029786282614 979 21 20
626.21376758023257 824.91812609348699 20 19
699.3778196323467 318.41632789687185 19 18
395.73200522028475 588.6464020244963 18 17
17 17 17 16
984 16 16 15
641.73907861297789 985 15 14
14 549.98489921100816 14 13
858.71146174098249 387.91852369852529 13 12
816.1229978640614 476.66576298212158 12 11
860.04277672406249 803.91076260046577 11 10
620.48787881705266 729.86028433820593 10 9
637.97920330487989 853.27235042525979 9 8
663.80546639458885 992 8 7
7 529.42387869583456 7 6
693.6896744763468 343.14504340712563 6 5
5 566.71809974168968 5 4
675.11917489357359 996 4 3
3 574.46406643410455 3 2
2 2 2 1
3.6753516138507605 560.86615077975637 1 0
197.97958971132712 24 24 23
23 807.04738023624623 23 22
386.36892250147895 22 22 21
202.23175699416993 164.72764372263973 21 20
305.01448532595253 707.05682121900975 20 19
677.27314494355267 570.57344839907796 19 18
752.32243857094875 742.37827186259688 18 17
418.86658160887902 415.23594075535067 17 16
16 984 16 15
708.92579857376063 624.53127470131733 15 14
986 541.15476292526444 14 13
13 642.92829460933012 13 12
800.46834261709296 309.33047210477082 12 11
11 230.96687218556656 11 10
417.76845289424011 10 10 9
686.61374607231699 698.62674582422869 9 8
199.13921728096165 57.158249371456911 8 7
331.12965662365269 698.88321084584436 7 6
820.15365167095274 749.94871552577979 6 5
396.71816225939614 611.62525087064637 5 4
4 517.30851019045861 4 3
687.8255956374885 686.68809344502813 3 2
998 2 2 1
684.46659113592432 688.85997943615916 1 0
270.26797218279893 673.94066467280629 28 27
215.26867438762488 673.66274015470356 27 26
976 196.48846085563153 24 23
192.95261976375377 977 23 22
978 382.88575829697891 22 21
842.36167221471214 626.50179151030932 21 20
159.62809765855431 801.37208350071194 20 19
806.12737446249855 683.09354293686613 19 18
522.74086042826832 448.4163807594303 18 17
808.56680927180389 643.87726959495626 17 16
984 984 16 15
534.1823077110372 985 15 14
986 645.13810457403542 14 13
380.37255559620235 861.94355005116472 13 12
190.87317518606943 483.64722369788984 12 11
803.61673965992577 860.72746087378903 11 10
10 163.24555320336759 10 9
369.67320359196822 581.57965894893118 9 8
8 43.431457505076196 8 7
621.18866267167039 909.21803188065519 7 6
509.29292685982324 566.6475089406465 6 5
5 144.72135954999578 5 4
4 60 4 3
3 134.64101615137756 3 2
2 998 2 1
1 4.8284271247461898 1 0
831.46283561926066 200.45729530145198 24 23
977 808.5330745710437 23 22
199.26870172157805 837.62104340993051 22 21
812.73372722882596 979 21 20
799.38979815009725 160.93841199144532 20 19
675.06240434910933 289.21426325062282 19 18
580.52257260318549 417.05486711413511 18 17
559.18916646334014 444.80168283184241 17 16
442.62930295716842 553.84888503869718 16 15
619.67257217388135 155.56412900224012 15 14
548.40699395324305 865.33143119671172 14 13
639.55241829651141 13 13 12
283.65797639172473 489.43677665694418 12 11
773.06251526624419 11 11 10
163.24555320336759 10 10 9
807.50319435104927 949.00391408180963 9 8
43.431457505076196 8 8 7
376.83648796133826 947.8598723788275 7 6
6 660.5918163419858 6 5
144.72135954999578 5 5 4
60 4 4 3
134.64101615137756 3 3 2
998 998 2 1
1 521.30851019045861 1 0
157.82471842118116 626.33138302431587 16 15
642.6144857657489 279.05884205760407 15 14
326.04757553142912 572.94880003281605 14 13
142.31217187484793 394.63127647260319 13 12
202.42941754321564 314.31072108573704 12 11
779.75007403974223 989 11 10
990 161.92853089020909 10 9
9 423.50019499399002 9 8
992 42.715010882118847 8 7
318.94108751288877 277.78930636946967 7 6
623.03692024019517 799.11293977410344 6 5
995 143.49719092257396 5 4
996 59.200502515735202 4 3
997 133.46737587922817 3 2
2 128.2842712474619 2 1
1 120 1 0
664.20903917274347 252.79717297217732 19 18
443.14909805813761 437.58229157358244 16 15
640.04659603790356 177.58455478350635 15 14
181.44676436357153 644.82459652266698 14 13
392.62593670511023 141.05056099906483 13 12
479.03699816092103 185.97381056553635 12 11
302.71909142189435 808.23881386682456 11 10
838.07146910979088 10 10 9
283.62631378554715 317.75022283619512 9 8
957.2849891178812 8 8 7
197.56277275058079 868.64952350840838 7 6
994 559.48506570508778 6 5
856.50280907742604 5 5 4
940.79949748426475 4 4 3
866.53262412077186 3 3 2
2 71.715728752538098 2 1
1 80 1 0
662.72916238879463 209.3099575979297 24 23
544.02066459245157 13 13 12
313.03146030170876 200.45876076990993 12 11
725.43508471008488 480.59314296834361 11 10
10 839.39009663000593 10 9
841.02089458353521 988.99180479426366 9 8
8 958 8 7
992.72916347905471 521.26209194140313 7 6
525.71089993157966 7.925306111351361 6 5
5 857.72811275764275 5 4
4 941.59797974644664 4 3
3 867.70714360103545 3 2
71.715728752538098 2 2 1
80 1 1 0
560.56952772814691 902.41412299459921 13 12
463.95685994857354 818.0072854915295 12 11
545.61727669203651 686.50014227822089 11 10
160.60990336999413 990 10 9
782.62003208845215 642.21451471299213 9 8
42 992 8 7
993 665.93146037918632 7 6
689.53581481434037 547.49925220223156 6 5
142.27188724235731 995 5 4
58.402020253553339 996 4 3
132.29285639896449 997 3 2
128.2842712474619 2 2 1
120 1 1 0
82.474125351512527 580.63390601437823 13 12
485.72970834667916 279.61955162942678 12 11
562.37207671761996 319.59274036066665 11 10
990 840.71035399041023 10 9
346.19780687003333 989.5 9 8
992 958.71355310873651 8 7
943.44023906787584 807.18461989777927 7 6
622.67108855670836 993.79839503625556 6 5
995 858.95456890890955 5 4
996 942.3954312071844 4 3
997 868.88255578153598 3 2
998 70.85750544105943 2 1
999 79.100251257867598 1 0
468.5558724420008 726.2553834692668 12 11
601.25414708918652 563.58961069868553 11 10
10 357.9269129619729 10 9
913.00481192217399 617.17667295632975 9 8
958.71355310873651 992 8 7
227.72674953467234 830.85886245732308 7 6
726.72252230380786 316.30250235699901 6 5
858.95456890890955 995 5 4
942.3954312071844 996 4 3
868.88255578153598 997 3 2
998 127.14249455894057 2 1
999 118.8997487421324 1 0
604.45222186633623 84.331332432157893 12 11
693.62304999205435 595.72659144134957 11 10
233.29174686648952 10 10 9
772.84708749902506 172.62107056274067 9 8
57.574657472604763 199.31812680187434 8 7
170.52778609629098 826.07424518669131 7 6
823.72607779476323 170.08966835637239 6 5
153.15549114015101 413.4243374153009 5 4
69.685026658097229 199.48367901962473 4 3
612.69805671566451 997 3 2
872.8575054410594 2 2 1
881.10025125786763 1 1 0
82.59560638365059 608.52083817199843 12 11
748.9406428486634 771.18041514556683 11 10
356.58002692586905 10 10 9
742.75581359795149 790.20008620317287 9 8
138.33704598428818 200.96668215405799 8 7
201.11041703617053 135.00976387769103 7 6
6 247.95917942265424 6 5
5 339.77698402306754 5 4
126.23000874381867 200.63789863316501 4 3
3 329.90030491960852 3 2
929.1424945589406 2 2 1
920.89974874213237 1 1 0
575.69998203601983 83.553908907344038 12 11
419.74929414398883 572.39309981370479 11 10
990 230.61638342273878 10 9
991 350.1073805787583 9 8
863.49717419001115 199.21246457534926 8 7
388.55419025943212 54.507861560718247 7 6
994 624.91666851249067 6 5
251.34689746077254 5 5 4
199.34646735882592 69.238344919010984 4 3
3 262.01805392569997 3 2
2 930 2 1
1 921.79898987322338 1 0
735.19317066688745 809.79106453242503 12 11
10 772.75776402490487 10 9
231.78403732632339 177.63076845767739 9 8
943.64309803206186 197.13544818376266 8 7
823.83696285028498 233.19651847077648 7 6
305.3362145666805 734.26167698734912 6 5
338.52487633158603 5 5 4
875.51495410970824 198.79735685863488 4 3
200.66873983570633 121.79001651882973 3 2
2 874 2 1
1 882.20101012677662 1 0
226.53791336925514 990 10 9
826.14152982483222 663.51208269682354 9 8
803.04786325071825 55.9375 8 7
800.66393703003837 133.18588111615531 7 6
661.8497256552954 6 6 5
995 248.57625551240474 5 4
931.61994884070646 197.34337157629139 4 3
261.17200086391102 3 3 2
126 998 2 1
117.79898987322333 999 1 0
990 776.13106197123079 10 9
569.33290624210724 392.48270060957645 9 8
55.137477083863573 805.05257028026131 8 7
131.9961397812047 802.65583821896325 7 6
756.33782014343717 6 6 5
995 335.29418906711993 5 4
500.56457537708661 497.91425986893233 4 3
328.69977292844754 3 3 2
70 998 2 1
78.201010126776666 999 1 0
990 413.1058434392138 10 9
553.62496433349224 419.40405194511999 9 8
194.75953498914635 945.28501344211588 8 7
540.96380140515225 429.18643168125936 7 6
763.38900268425948 994 6 5
5 754.98998165154694 5 4
4 673.72810828599074 4 3
997 258.349511042269 3 2
998 875.14322344563175 2 1
999 883.3022843964078 1 0
404.45850447715571 990 10 9
332.75427155632104 419.57637152900804 9 8
52.693214844929521 390.51351491041794 8 7
946.30024309438886 384.54672485036849 7 6
555.97688101505071 994 6 5
329.53178390065165 995 5 4
292.33458425519041 507.00752801261632 4 3
997 325.5209335372557 3 2
998 930.85677655436825 2 1
999 922.6977156035922 1 0
397.90723198488479 677.93386855792335 10 9
674.74612032413484 413.45287244964823 9 8
144.73829764579315 557.22397013191016 8 7
511.55326709621056 993 7 6
154.23951397814301 379.69781454163433 6 5
244.20886786984551 995 5 4
879.03480215956426 804.88440851491146 4 3
802.71011495166942 71.740166963351314 3 2
930.85677655436825 998 2 1
922.6977156035922 999 1 0
417.02358375230421 330.11331594497113 10 9
459.53131554128288 500.02752266563584 9 8
553.5102742015381 142.98564091216565 8 7
915.08354577644627 564.75104420734988 7 6
452.46131518666436 513.25684974548744 6 5
995 758.55746884242365 5 4
996 678.18373004921023 4 3
801.1991799258991 120.06647366164869 3 2
875.14322344563175 998 2 1
883.3022843964078 999 1 0
655.56913336377431 831.10379499138844 10 9
195.46289886760778 703.72486343385151 9 8
858.76620408786482 547.81804154471513 8 7
353.31066664674887 315.62563771832936 7 6
561.97436903936386 6 6 5
122.49937620657846 393.42087990372642 5 4
804.73325171875013 879.66234411451148 4 3
675.68718672238617 3 3 2
78.06689005367852 199.61394826068573 2 1
83.928944092343329 199.71319452315714 1 0
550.19368425028517 607.25710772964635 8 7
177.90319327374499 233.50225881681928 7 6
621.57302674236917 6 6 5
5 437.83283018506512 5 4
807.1025064495858 934.69654130576828 4 3
742.5003590763464 3 3 2
117.84981132074871 200.42601374053277 2 1
111.98859026833979 200.28595965227572 1 0
317.29161643270606 349.99546759974783 8 7
242.24631223478045 652.96957567491165 7 6
562.53608748916145 515.61069201522378 6 5
391.40641265372705 121.3332045156362 5 4
816.52394979336259 706.2200560804954 4 3
118.94069453524475 803.19469997828264 3 2
2 323.6719923437563 2 1
1 315.55509736491967 1 0
650.48386788252969 567.20675349936596 8 7
870.36083383941593 626.7184671058809 7 6
775.64325101823795 752.43334382270791 6 5
435.04667048002221 5 5 4
514.06949392160584 4 4 3
70.863848401043342 804.71367374395084 3 2
2 268.24636650155219 2 1
1 276.36326148038881 1 0
169.57521587434945 775.19853121599147 8 7
446.58257130590948 531.19117841682476 7 6
499.68395505962349 441.75461561636524 6 5
879.83391833646249 387.41472883633537 5 4
682.72475283859194 423.94432137896285 4 3
3 745.3212559241648 3 2
199.50959418745776 77.598199522193056 2 1
200.35161041400946 111.42603550295856 1 0
353.05976602481013 577.9749825137792 8 7
788.52733881555491 657.08407177539061 7 6
562.07585317858832 467.61981246176623 6 5
995 430.28447392701912 5 4
996 508.85183061565738 4 3
195.15551743068343 929.60082304526748 3 2
267.36778939199883 2 2 1
199.63389774693604 83.4444444444444 1 0
448.18751498679751 461.04746480654609 8 7
619.20242394466993 564.95319344972052 7 6
548.79449171695501 885.32767698143641 6 5
379.01275445335324 882.05982818221582 5 4
499.64620125478024 996 4 3
196.93207546370164 881.66666666666663 3 2
322.50398440035974 2 2 1
275.44229820656136 1 1 0
646.59864623317469 234.60435319365968 6 5
421.5369671694321 995 5 4
429.14011642347765 320.65964990572968 4 3
319.91574916896519 997 3 2
883.83094582656497 198.53001345719616 2 1
314.42947558579721 1 1 0
784.40305114834121 182.18452726707528 6 5
180.0436043771829 466.48199301888002 5 4
469.64824238395056 290.82210513937031 4 3
253.82490260153196 997 3 2
923.30127248802069 197.5071228156373 2 1
889.64639788370437 198.35338805991896 1 0
796.15438339300817 187.74386090299333 7 6
837.27709930326307 653.46225223103761 6 5
191.71178696799399 328.21214572644311 5 4
781.49016919091684 311.77703670718546 4 3
930.47643836598479 806.848841220086 3 2
998 264.5126038881582 2 1
917.48447811296671 197.6319521318681 1 0
560.16035210138534 404.35132523652987 6 5
411.03849157246054 151.37923780204073 5 4
4 217.57550765359255 4 3
997 748.99441542154079 3 2
998 319.3578406913665 2 1
999 272.54450286009705 1 0
636.53183704013668 566.04880903916319 6 5
463.81075105453283 178.08412336430948 5 4
23.079656400851494 169.99471937645677 4 3
749.85239192783047 997 3 2
681.81740950539461 2 2 1
999 311.32594171942765 1 0
326.84735210418262 189.77161172143474 5 4
786.38083158322786 4 4 3
684.49185337435779 997 3 2
736.37013629333796 2 2 1
802.45104375477115 82.026396287883642 1 0
375.57112617324049 154.14353884179644 5 4
4 178.38367176906169 4 3
68.179751300307501 390.96988283172948 3 2
2 739.22408040499352 2 1
801.58319007273269 109.78415058711636 1 0
850.39645574883787 406.67595254087348 5 4
244.74136419964003 180.33176367137037 4 3
3 447.28903049332735 3 2
2 684.96544053999139 2 1
689.80647137738038 1 1 0
823.8759889728567 459.16122086196441 5 4
4 410.54684715116485 4 3
388.94127198873377 67.305459498295818 3 2
313.85180101171267 998 2 1
728.3810744213522 1 1 0
812.16894049777591 323.50628930831715 5 4
823.37378175186586 490.928516328245 4 3
444.44898886644359 3 3 2
259.88885075878449 998 2 1
108.71075889741209 803.58110118558773 1 0
847.65817517473226 371.91791714344788 5 4
446.22697534616316 827.55062190939566 4 3
933.56816977038125 384.93520086777835 3 2
887.2188396704164 805.26589654244549 2 1
81.097772958543587 804.45352532746733 1 0
397.27196419339293 853.27264605500989 5 4
608.50837364922995 722.61518558566229 4 3
997 439.63259982525653 3 2
998 689.2982462412333 2 1
1 731.27808656574337 1 0
363.54690070946037 851.23579938035107 5 4
317.48065124922277 819.06664700395277 4 3
377.13010582499334 935.2520880165531 3 2
998 742.96387770122828 2 1
1 692.91143437924154 1 0
265.77010244153917 487.63963216125057 5 4
210.88071183503416 484.56398836778112 4 3
430.83058458026608 997 3 2
805.17058333270882 887.82089480445131 2 1
195.45960314294092 919.39614196367859 1 0
178.83923044449142 499.71591947844956 5 4
484.41480142175936 259.74164878050988 4 3
159.94368359280367 371.5383123138393 3 2
806.83705863939531 926.53059091644127 2 1
196.47994324869262 891.86586077980564 1 0
481.37328243736391 205.17845124152691 5 4
382.7769327938131 683.12652149054725 4 3
152.1387895111734 544.33915904789967 3 2
743.85545077934682 998 2 1
305.94910991358751 999 1 0
496.33594926274162 176.89316624603293 5 4
743.14902191584497 479.41139690884938 4 3
540.69452921976585 150.34329580270733 3 2
690.48879452284143 998 2 1
267.79154185690965 999 1 0
797.38130316130207 476.3550878888492 5 4
329.40901004985477 403.64020719364481 4 3
828.55652094362131 496.66542534126762 3 2
111.07314783290848 392.79305889883392 2 1
920.32451363470534 806.54347493652438 1 0
465.39937104595504 799.87889996108515 5 4
467.55683721694453 745.93528055847662 4 3
851.45168168032399 535.07171421061344 3 2
2 506.31818243471434 2 1
892.94032093305475 805.51767925890329 1 0
530.21466872619862 855.41015155501395 5 4
849.84435789522104 817.11939850915894 4 3
208.73864447354455 141.62655250748804 3 2
2 453.25218578902798 2 1
999 697.15739601022051 1 0
480.14288047491749 826.69306741531511 5 4
169.9947193764568 23.079656400851519 4 3
226.23125233332212 164.88328261883706 3 2
390.7743014057923 109.96657289707987 2 1
999 735.10472793224108 1 0
316.61558706688822 554.85194653407927 5 4
817.42368144375769 624.74207099051341 4 3
402.61699931075088 3 3 2
450.37816579270481 2 2 1
805.4591730206464 893.52439594623036 1 0
293.18616236729179 474.43362463900735 5 4
324.76135695473414 430.29798479371249 4 3
853.92841999913219 561.46216585799459 3 2
503.14178962579643 2 2 1
806.63441085334182 920.82338992496864 1 0
547.42012651855066 670.38375125473215 5 4
530.22998307061016 694.54317494204793 4 3
193.95894501374818 142.19853850435396 3 2
891.14063085369241 386.77824601092891 2 1
736.04008491520733 999 1 0
560.004868903192 694.17760472061263 5 4
485.8354845896248 717.44942674494598 4 3
499.45872854846647 565.77981238170582 3 2
998 445.52760253646653 2 1
698.30416038698093 999 1 0
716.20419411245132 495.33227298176701 5 4
452.21672086138631 715.4243554979488 4 3
520.76589984603845 997 3 2
998 497.98711073088253 2 1
78.248437753095828 391.32102733781517 1 0
714.06598140442998 467.19572467571436 5 4
410.50849146607982 686.84750090441548 4 3
549.54636818795871 621.32788246179496 3 2
378.52842515223296 893.258563001948 2 1
105.3999554416112 392.50264547652932 1 0
807.00669361808468 293.08643537874673 5 4
503.07788631872467 288.30613037732581 4 3
693.80405783692652 539.35681112630414 3 2
488.8448330464193 998 2 1
1 498.54684715116485 1 0
314.57726900015098 217.54941933395594 5 4
547.18670570693109 311.3079229459745 4 3
735.81010096509078 315.82119686039005 3 2
436.69121380479811 998 2 1
1 461.02352107257747 1 0
296.30735806991328 194.99059489181781 5 4
463.45351418022062 561.05522277623061 4 3
821.18951742355466 244.85887955638432 3 2
174.96771802017702 456.62021006994797 2 1
390.48203134014301 104.32385552726045 1 0
302.68323125849793 791.28962818535672 5 4
157.76457650518864 604.47669843417862 4 3
318.51318737254769 266.17330007271732 3 2
158.10691265510042 423.349195611889 2 1
389.2939281112246 77.320631853490696 1 0
286.06847097732123 813.00334886723056 5 4
97.213115623937171 571.32270920677399 4 3
239.1229108926058 828.0297316200548 3 2
184.88525462995122 337.23158557214759 2 1
458.10521960307301 1 1 0
658.70163205591336 411.70046633372965 5 4
22.649031642886044 363.92707950110059 4 3
327.26610874711304 284.57065156988619 3 2
420.91209838946389 156.29656828070594 2 1
495.41473581542823 1 1 0
606.36959450945346 416.06662581031344 5 4
763.54330990369601 723.4549516852619 4 3
820.13218695343437 740.06380477742698 3 2
454.00088823168869 173.04082662406455 2 1
896.7527040991921 386.48408541631136 1 0
677.06247351021898 397.12619006811224 5 4
633.15366595878334 723.15751363151446 4 3
672.31801723447268 704.6191586895726 3 2
335.80886655686106 182.96817341321517 2 1
923.60680207364737 385.28938942085193 1 0
395.8063596747009 417.99316623953831 5 4
619.33255733818055 746.36881521592181 4 3
621.84341363785063 789.9938856318629 3 2
366.37085618953893 160.62046298264568 2 1
999 453.21011964268314 1 0
732.06935781070274 730.3036352034992 5 4
398.01796110033553 662.15675572935891 4 3
398.17678073852761 619.76499130342017 3 2
845.51344902924836 416.498037635603 2 1
999 490.30459362466593 1 0
639.28618738096827 963.62870972290466 5 4
348.7364761558452 418.54628974866682 4 3
341.81351972016279 696.33283392286489 3 2
828.88649988537816 449.40356281163463 2 1
377.39821554263688 925.3921076796039 1 0
966.10010734664047 639.46439414423173 5 4
851.55977781045431 789.75673976394478 4 3
319.10008752337444 362.85059397856264 3 2
818.94923768439628 332.4094706493338 2 1
378.30478837091619 898.81476215510691 1 0
633.32112851483191 30.850934335463361 5 4
817.29623875428115 849.55970332851052 4 3
697.79572921436659 707.1267577764329 3 2
841.20781197003123 362.77287026235643 2 1
481.2071123401945 999 1 0
5 623.8276196429847 5 4
700.52294487718655 645.2585333578254 4 3
625.75840842677314 921.36980480598197 3 2
439.39542057797325 831.19832080365745 2 1
444.32893451102291 999 1 0
843.69285634119649 599.43774755611742 5 4
614.60950392472284 71.051812914793445 4 3
565.70869621778161 997 3 2
406.95868545113859 848.25932428532531 2 1
172.46061154897387 451.72444469229526 1 0
524.09820134825009 526.19205124145901 5 4
69.564444809896457 618.75320561447745 4 3
925.66046083688184 624.459092611036 3 2
354.37297022144952 845.02818583453836 2 1
160.57253084561802 428.2659860720936 1 0
176.17664389864376 172.26422990898899 5 4
32.404305190103514 636.83286333904471 4 3
997 570.7177084590719 3 2
323.85757803434376 823.67155703717981 2 1
165.70247106260081 363.41705907927621 1 0
602.13772443206733 831.65193232233617 5 4
599.52347914491111 155.69030467875874 4 3
997 615.61759710035926 3 2
218.5713546669036 484.94264344985328 2 1
181.52382294177605 341.72680673087007 1 0
32.481062114312557 554.39515352645526 5 4
824.74748376972968 4 4 3
589.40146539197303 576.37384380094818 3 2
254.94609108089 486.96465850028017 2 1
425.80252075893861 158.7449481228964 1 0
649.67483469188198 845.57740361196909 5 4
4 373.02352107257747 4 3
561.94183087016506 598.36001994225307 3 2
173.1065985239922 509.05747284500586 2 1
449.1317138602671 170.55045802801413 1 0
419.43194794309653 393.24320647995569 5 4
178.38367176906169 4 4 3
539.31589878343891 597.27071546958985 3 2
483.93598635692405 252.10138586392571 2 1
340.2748302385769 179.61902987268797 1 0
728.65731632078894 627.79734380632829 5 4
217.57550765359255 4 4 3
570.70239038516104 3 3 2
481.90429625912816 215.94793018844194 2 1
361.82530733081546 163.86076846738263 1 0
967.47715772654635 545.38611189607241 5 4
4 826.23070632949714 4 3
612.84500539657199 3 3 2
505.622859575429 171.18986904835424 2 1
843.08242415223458 421.36194577240235 1 0
302.21400650952523 682.21417002396333 5 4
4 787.86405414299531 4 3
610.40088676087851 909.82234097047274 3 2
750.74404929083835 478.92978486151276 2 1
831.360026160036 444.56113035630176 1 0
242.6988536948177 692.07746995366131 5 4
281.02574763889061 706.32165852862443 4 3
579.17456073461767 906.03727640123554 3 2
786.67484760156628 476.88828228894306 2 1
822.28605615272568 336.84597384810758 1 0
542.32313874045758 460.48014369244419 5 4
693.47354639411299 613.47560183275903 4 3
636.37513085428816 867.00174870989895 3 2
465.75433114717066 789.22829820255402 2 1
837.98097149567491 358.25574521689111 1 0
537.42381273858041 965.26443197786261 5 4
977.01191626303557 168.50675208942846 4 3
873.12024884087498 550.81332380357264 3 2
467.20038688198883 753.49192259642018 2 1
434.62220561462493 833.73615232004511 1 0
620.77377788974081 135.5944683648793 5 4
996 176.8925429133661 4 3
149.41013767094711 569.62273940763555 3 2
520.796293032216 850.17932485338576 2 1
411.75433473686178 845.76414536984748 1 0
563.60817626348876 853.93300778070056 5 4
996 216.08437879789696 4 3
131.56176483371539 559.68119555532235 3 2
489.41384733063819 832.18091965964516 2 1
349.83971098074886 841.92648405894784 1 0
624.53364205557205 287.60770693711629 5 4
212.13594585700466 996 4 3
565.07903880863125 147.66266618082585 3 2
311.75772924005901 545.43858622784785 2 1
328.32416429362189 826.86852441839073 1 0
314.3808408067664 587.94504292443219 5 4
173.76929367050289 996 4 3
555.53475828872956 130.52624432058147 3 2
295.68856509881289 513.73762517639011 2 1
223.93845990148145 485.21656458765858 1 0
219.36300889177883 315.8118819831314 5 4
979.35422412509729 356.92104999861738 4 3
565.94759507710137 99.065194082394356 3 2
299.30348104389662 465.64202700132188 2 1
249.58169329790886 486.64203206813903 1 0
196.97492732219601 298.20952434671165 5 4
996 364.12409525768521 4 3
513.79752110881145 469.95745463373322 3 2
320.2506326345524 436.41914486697203 2 1
156.99079379636379 536.01035971273177 1 0
786.49099925502424 974.48931678927647 5 4
788.00891798088742 697.26116569878218 4 3
290.04995564312134 307.1925934787422 3 2
523.63968708337472 697.97318557748656 2 1
170.28466921280193 513.70027238449347 1 0
641.05678278253515 259.11959529610158 5 4
790.38839454546633 853.65562338041013 4 3
311.08972033373777 284.68172206201587 3 2
492.44991382270393 714.06618863934625 2 1
483.6116064476351 246.7691906001393 1 0
200.44516813574654 644.57831597246638 5 4
996 789.34974847779279 4 3
811.02400621149957 750.367936135896 3 2
445.97276092168272 711.23948398551954 2 1
482.17937124404347 221.28289620608172 1 0
659.83964360607149 180.45427044263411 5 4
996 827.71640066429461 4 3
145.47682015933719 210.2092857380519 3 2
416.66549480643107 691.15928651725255 2 1
510.23782270420844 168.38325315747448 1 0
549.16982670298262 30.247786221990108 5 4
794.40342444900261 996 4 3
146.04594378253924 192.13452697645565 3 2
547.85191312386041 660.02223145393702 2 1
532.41362098009733 155.16650196893883 1 0
560.44324094761748 884.41456600979916 5 4
697.18069140285866 295.5215112882334 4 3
49.769545033887454 189.92164029808029 3 2
598.64519819504767 718.03576690970249 2 1
756.0438436135089 478.60362282223616 1 0
67.586214796256769 570.5170824368563 5 4
778.31638585743622 25.049798710693615 4 3
831.53095048292471 24.313648106269468 3 2
568.85847855912846 699.69814992639203 2 1
781.37221697217149 477.1645248393985 1 0
563.67682673940419 335.53945247886372 5 4
797.69295369822214 957.53381316290188 4 3
812.65751019521929 48.01368325626752 3 2
711.55041360977737 504.6668884837365 2 1
833.51833390547881 504.79826192771884 1 0
899.75075794162774 621.68555896961141 5 4
137.84537211622015 625.42269098273027 4 3
22.33635031070591 416.78292137884171 3 2
687.21806904083655 429.93338894090817 2 1
846.65746984799773 526.8389654766147 1 0
178.81667593586712 817.39701606517031 5 4
682.05728592330092 267.30372624754972 4 3
368.43301277095867 955.72823673094899 3 2
708.00932366267148 458.56010971504168 2 1
465.9424055369135 783.9542582052718 1 0
185.87749676569518 807.69419125952402 7 6
762.64919651832781 762.92962389345473 5 4
637.84397223480926 196.45645051186503 4 3
390.17480572921369 997 3 2
509.6812818467987 291.64509339687487 2 1
466.96172098263537 758.76391543191369 1 0
719.36819119942413 816.00154155551797 5 4
163.46024050094809 645.52098674321689 4 3
358.4257899964386 997 3 2
540.66905029827285 307.80454250415931 2 1
516.14199305291083 847.56692676272405 1 0
220.60188836601583 186.05451730421197 5 4
291.86656192080642 327.80498840627956 4 3
677.82555471910371 314.00046137835091 3 2
435.07857658778698 316.10920553115562 2 1
494.01901103052256 834.87899293120734 1 0
210.62681132609626 190.69109341678362 6 5
402.42866495228975 326.65089696093929 5 4
270.63322265739134 317.32645056782547 4 3
416.59224384922129 586.22763284497057 3 2
463.5414288099974 295.14398911538842 2 1
309.36357670085414 540.77215642618762 1 0
453.92002448638345 487.20124445653693 5 4
554.28732422083556 918.21076564716066 4 3
3 31.282856857085701 3 2
774.21152255809625 312.60742227166838 2 1
298.03697648653633 518.42724109124003 1 0
188.68454704093207 691.47521256071218 5 4
770.43312281204771 637.68911503023628 4 3
31.282856857085701 3 3 2
810.41353915942591 283.03418280139971 2 1
302.35337541760941 461.30136750861192 1 0
449.6201960850151 473.96827843691824 5 4
575.01886879239555 311.52684610042525 4 3
997 29.856406460551018 3 2
315.7017851513686 227.79659168577825 2 1
317.11946192925319 440.70154495766093 1 0
202.72981379963826 198.34860150147509 5 4
593.77949827518637 550.58462607326726 4 3
970.14359353944894 3 3 2
252.06946446735557 182.01419325692586 2 1
519.04222278178054 700.36014769837391 1 0
184.48457156708062 682.39996016647842 5 4
612.23914555559588 98.308593231672432 4 3
627.14531398338556 848.1122300613913 3 2
286.26850500948052 191.61198937621629 2 1
497.05944474721997 711.70261278337841 1 0
182.33242211529446 671.6125483945483 6 5
706.46474126979012 603.47842768364239 4 3
189.92164029808032 49.769545033887496 3 2
305.18043956262585 747.1333516060364 2 1
441.62622983327941 708.30803348893971 1 0
227.33783372681535 22.670868885960985 4 3
47.980828530990024 814.25558430558794 3 2
303.52796339651911 781.14959134939841 2 1
420.96854759515821 694.15419406403635 1 0
760.16264720869742 175.46799425703122 4 3
24.226397751367756 833.01844006358942 3 2
276.2945262766757 816.60328759831702 2 1
548.06877693740569 654.8962294701131 1 0
96.62884646924465 616.20642030350132 4 3
379.89051297937914 46.146018513700483 3 2
648.9272347632575 412.78555266420233 2 1
549.13613570284645 630.42515022427301 1 0
566.27452518869393 70.624842304561042 4 3
361.38779533711795 22.97122891123918 3 2
616.18866564882944 415.51699253336182 2 1
594.2381464570301 715.34598150826162 1 0
405.19013327880356 568.78327503933463 4 3
370.12084569220701 3 3 2
690.47138073857684 355.47645378620814 2 1
573.24469919633009 702.42177233949451 1 0
977.30712532937241 224.70952871014075 4 3
696.34952310155711 581.53208866020589 3 2
680.47049639091836 387.64734015953616 2 1
709.23321868461937 509.2787912297523 1 0
22.737393102428342 778.56799783725796 4 3
422.45835818780353 434.91077597720425 3 2
639.33200574987916 720.00341976793425 2 1
698.02805090694017 531.22822351502725 1 0
220.77728860323356 977.24009395390783 4 3
3 970.14359353944894 3 2
619.49106018838484 753.36107062638735 2 1
690.33330628993406 434.12383769630515 1 0
567.93510332591927 379.55806726825892 4 3
29.856406460551018 997 3 2
398.34290672452914 655.36977183503734 2 1
704.98804812866524 454.30141765792007 1 0
418.45567245825964 344.03987768641593 4 3
24.547276668202187 227.43540013057523 3 2
376.33552842405328 685.58983938427787 2 1
514.27663256163896 293.98918686051525 1 0
669.32098422817648 828.47956218859827 4 3
414.039998417432 22.453859932341047 3 2
386.47914542496306 418.7079850537832 2 1
536.11656964314056 305.37824032938585 1 0
190.1081300790234 715.57081004950044 4 3
207.73006098577807 50.288212658351519 3 2
355.35764446419915 418.93087953367899 2 1
439.23687584261921 312.95813673707465 1 0
181.39988765408546 243.93169448757806 4 3
323.55763879323018 692.35140053202144 3 2
327.28931280834814 397.22922259987979 2 1
459.2989528503432 298.18077771019148 1 0
307.17288983860237 343.54477987565366 4 3
207.73049909033577 702.70023166460055 3 2
828.47402773522458 758.76339531439953 2 1
769.13445919525213 313.14672112595207 1 0
251.91610337382684 647.72599490150697 4 3
950.26770581049607 188.31233489373352 3 2
847.91743158763893 784.02623631613176 2 1
744.85429194083599 315.24259109489901 1 0
881.2306431613207 625.03108887162773 4 3
166.98155993641058 975.7736022486323 3 2
845.47741691402086 822.42610574685727 2 1
818.94234475931 253.90938023474445 1 0
176.89742886611461 784.70564417962169 4 3
185.74441569441203 952.01917146900996 3 2
822.61740605399677 845.21039375015641 2 1
812.02288521359583 278.03191705600574 1 0
489.82915902111387 440.05667714887727 4 3
953.88534202673441 376.29157367472129 3 2
724.61121269538887 725.61202552879627 2 1
316.20303288661285 232.87036378568993 1 0
552.50836823620489 464.71064902921955 4 3
997 399.13383510625084 3 2
690.0162559609638 680.82770459216374 2 1
318.05295233709433 257.13489219731161 1 0
456.54335903539737 452.43469113974874 4 3
828.44768820542868 646.05686883026397 3 2
698.3250702489355 651.40036031636805 2 1
257.16361521924586 183.25675890470905 1 0
806.45188928696257 183.87586757776978 4 3
997 970.14359353944894 3 2
637.20149812066961 954.42463830838278 2 1
281.27169551500884 190.0225756012683 1 0
668.713318752384 181.9568979406242 4 3
970.14359353944894 997 3 2
957.19771968672069 637.16033792507722 2 1
305.05355271725108 752.16157980883816 1 0
891.06883949815904 624.05711798025391 4 3
379.73532524428265 575.04102699308407 3 2
516.19894284370866 575.20473408950079 2 1
303.8890568086548 776.13274067604834 1 0
186.36331628310865 662.46094240391028 4 3
17.644248996130223 38.141045299903411 3 2
630.70377750213038 39.334288212851057 2 1
271.43052669440289 818.30483694845486 1 0
481.86547017236393 439.29532314429349 4 3
833.60813885570587 227.37193210048196 3 2
618.07080317781947 65.800386343362021 2 1
247.95085478611577 825.63768975511914 1 0
471.86747141099374 439.09527123192868 6 5
461.29274622010325 445.99704239430201 4 3
975.86197514476066 834.50815685058342 3 2
64.405369952326609 622.23633631241694 2 1
644.09759491675254 413.27836190178425 1 0
676.20406976920333 184.76557186331806 4 3
952.05302485523941 815.8575835052111 3 2
38.329005047673377 634.92336485969213 2 1
621.0331967775744 415.20266764695361 1 0
685.10384224290431 189.32562119598481 6 5
689.91618548898691 199.21709997733413 5 4
690.70644733949723 208.18233763216671 4 3
205.57197319657035 861.81337212612789 3 2
2 613.96536666146437 2 1
689.13480487360425 360.27065401264366 1 0
695.93722573965442 191.23292348255137 5 4
190.28153036085837 860.94979714717635 3 2
2 580.02424116451004 2 1
682.08753907123639 382.94032796239759 1 0
174.3308580055691 835.85924013035799 3 2
627.17760470904284 897.50975388001359 2 1
643.65035173187982 717.84845656785581 1 0
817.93295514265265 955.56993322459186 3 2
844.89672092973183 591.08485711024878 2 1
664.46815428207458 708.06064268474256 1 0
828.60823509521344 997 3 2
903.39525040979788 559.11603843536557 2 1
621.05666020967124 781.38651157993979 1 0
653.90398341014986 295.24097241647792 3 2
521.55721975581969 533.13696610246564 2 1
619.65322561622565 758.22553382913975 1 0
580.56624644113504 438.05482169970213 3 2
512.63099234705396 555.52951427151277 2 1
398.50314756558083 628.14959732282909 1 0
435.40461963897178 571.42170356481222 3 2
519.56459936558201 520.48671042653382 2 1
398.50525519593305 650.64892117285274 1 0
621.52766417179885 173.46828029961421 3 2
505.56622372435766 502.76908174819044 2 1
371.82817805604873 687.22971400478707 1 0
655.54922792338937 13.319502365286473 3 2
553.88565446604343 518.47957619581132 2 1
350.04564677710414 694.14067132499895 1 0
652.04241429330818 3 3 2
531.39385398596426 524.49277531509529 2 1
381.8796491468413 418.95693252439321 1 0
38.141045299903446 17.644248996130202 3 2
504.2530499248906 492.27786974784675 2 1
359.96023467875762 419.11392098371084 1 0
384.19648112008565 954.62969517585782 3 2
473.36859709585099 499.75127409508195 2 1
325.91432397119632 392.74314068721151 1 0
176.79062007578514 627.46917669097536 3 2
347.18310994245468 305.28173602796363 2 1
320.57698713807986 371.05457867963588 1 0
342.52255518229475 568.75653984246946 3 2
784.85746602301003 752.85570699128903 2 1
831.58722847702302 762.30938223177509 1 0
982.33954249884835 37.454254200001472 3 2
167.09545206620305 228.50966722647726 2 1
845.2866011840074 780.10899577408418 1 0
438.47669437080958 419.16575976700597 3 2
168.89662979322938 175.21472198402847 2 1
842.34066490676457 826.0295831760892 1 0
637.16293310992535 159.81704263020239 3 2
2 211.83599617187815 2 1
826.23127122051073 842.0856151505966 1 0
962.5457457999986 17.660457501151647 3 2
2 184.12318325077609 2 1
720.97797478246059 723.26320824506217 1 0
853.0051898629589 989.60553653988416 3 2
44.058642910141288 401.24120192926517 2 1
704.01384310693186 711.65575329420369 1 0
17.676818367710794 963.23060094810671 3 2
351.51597453295119 975.85761071798629 2 1
691.03027479099467 676.4151570457434 1 0
36.769399051893323 982.32318163228922 3 2
630.72455774180889 803.38552819824395 2 1
696.88156197284525 655.69164146468916 1 0
90.732709481370989 594.33776635262052 3 2
647.16600296447575 818.20963651659508 2 1
628.98454584160197 928.9708457360781 1 0
982.30666666666662 963.91348473221854 3 2
604.21386536210218 824.85253346660204 2 1
636.02667981821082 949.92835865349662 1 0
950.32621865343117 799.93318658102612 3 2
616.0563671497224 805.40333128302916 2 1
602.76803643297364 999 1 0
914.66408422411303 605.29194260903046 3 2
688.0359645085565 336.09010288556493 2 1
575.63871650047247 999 1 0
963.91348473221854 982.30666666666673 3 2
719.3623417928253 324.86759707567217 2 1
952.86709977223495 635.86019703807301 1 0
720.08315274583265 310.22642040621599 3 2
702.12956025336712 339.23525975118713 2 1
932.85190849222795 628.04706638597793 1 0
851.20860221649468 997 3 2
376.24765961417376 593.15863831059903 2 1
999 580.20617138289981 1 0
591.36706790487233 76.99793309728004 3 2
403.84592592910468 606.9265631488131 2 1
999 606.12913417653135 1 0
680.02381497576016 592.40081228879023 3 2
634.60876732130873 969.56761000739368 2 1
583.93112524816718 581.57732409902292 1 0
50.7198094418507 207.92109480572447 3 2
652.69352976308119 998 2 1
568.21576189168582 594.16018446469172 1 0
816.85563512618967 175.90318859267009 3 2
630.7846274628746 998 2 1
533.45990553111437 592.47945397671936 1 0
154.49420205962335 405.5371419014262 3 2
16.272911693392356 534.14716350055892 2 1
519.00821005726016 578.39898985737977 1 0
74.975078384903952 595.60079355054609 3 2
2 539.40189396674975 2 1
629.22552369381606 43.431231921298291 1 0
588.84560064172456 90.778361237683626 3 2
848.01939607718225 398.43896721773984 2 1
620.32656280867536 62.074566895269783 1 0
395.82294328577132 47.640166937186677 3 2
846.39232237121303 379.36055634709209 2 1
579.60817283027006 1 1 0
747.50377982504222 801.22083103763873 3 2
855.13357790028624 373.35148051116278 2 1
603.93922295146297 1 1 0
950.49371867594175 205.74178287360868 3 2
872.44178047037349 381.87879294381963 2 1
60.742453340473944 624.50500207102436 1 0
817.63137271562766 225.35492098807927 3 2
802.989390284303 481.51430419994307 2 1
42.374734159526035 633.44151521037827 1 0
794.45362859468526 49.0717057504582 3 2
826.1352485753755 466.88032299744077 2 1
1 608.99480391298721 1 0
977.59177750075105 780.00869197022928 3 2
827.06400791820852 485.40042376517721 2 1
1 584.99480391298721 1 0
48.291414761232282 796.44260914941708 3 2
872.48188679062582 800.1333903985344 2 1
603.66134540118583 909.27900790132105 1 0
977.5308282864288 409.42892125109574 3 2
872.01653862039734 808.97327443253869 2 1
585.84873596492355 907.11987215137219 1 0
203.35743133884534 952.14622167097991 3 2
623.35364630598588 741.51306841324026 2 1
634.94072425148454 874.42135708853209 1 0
400.83406156723089 977.51547303288203 3 2
660.82335970862096 982.45499922925592 2 1
628.86770248337632 893.61237857430888 1 0
46.286299110727114 381.57195851486637 3 2
690.42518260799295 350.44867899780587 2 1
845.66822824054634 587.02867408409065 1 0
953.15120842224997 391.83124776380936 3 2
11.946280874111356 565.85254672889687 2 1
851.13232435734426 568.25679486157389 1 0
915.56540143208815 574.73942821714479 3 2
184.12318325077609 2 2 1
880.46840185326027 552.03582152760214 1 0
923.98557614733215 560.19540426593414 3 2
211.83599617187815 2 2 1
899.51532827194751 557.54310303090858 1 0
451.96519861607857 522.24316536137758 3 2
179.2371443272738 164.2298603365972 2 1
520.29373039471352 536.49676831593297 1 0
644.8282997031273 838.42735234245174 3 2
297.67602334944934 727.79680617125632 2 1
514.02531501838052 552.22186547403237 1 0
363.27674001991159 316.4486696258125 3 2
326.90020001688885 709.29635073811323 2 1
492.22395527493245 565.692563640662 1 0
185.30317835539523 226.77617371541342 3 2
313.07646612791478 727.52641978734493 2 1
473.12476588646894 563.39415264637194 1 0
326.06471157931207 343.35974596991747 3 2
659.71308777647278 559.05631367342301 2 1
152.00544822361732 576.2877436273277 1 0
232.90680625444944 649.3955544042193 3 2
679.86282909462602 549.73373784452178 2 1
156.65955019735355 594.70070998559424 1 0
564.42323324796746 506.8107669652577 3 2
693.13856416129829 556.81523365132853 2 1
106.14430066841699 566.91603027586802 1 0
569.60338013622652 521.18324750088198 3 2
738.66984967452447 727.76297794063851 2 1
124.43860966355859 560.98387699412649 1 0
770.05493481743451 759.48818060606709 3 2
739.5193796494757 757.74322165923763 2 1
589.85799057498434 154.69673197845768 1 0
171.34280453635574 764.34147681242757 3 2
732.92352654269166 737.51183454974216 2 1
571.66539179168228 150.21221324160982 1 0
343.00168544178155 582.42863438446943 3 2
400.18467563165615 411.77380426783247 2 1
556.83539395756577 123.49558483788223 1 0
797.83062453761352 660.75134252810847 3 2
401.68144296561246 423.33970591802085 2 1
562.79693879319314 105.48354206964054 1 0
563.37836754018986 476.52506127007143 3 2
707.21865515753916 641.44534166808944 2 1
517.42514444919959 517.88288862000479 1 0
642.69052986634563 242.71154916164531 3 2
698.07443528510498 637.61744735712523 2 1
507.6044333952953 505.45289557867216 1 0
178.83998032788674 474.39093031462056 3 2
983.83542386237241 525.30185750876706 2 1
550.56866694166172 519.5054213730026 1 0
383.57014721263164 154.26868839783995 3 2
998 530.57175768100603 2 1
534.78023005176397 523.72647139010951 1 0
178.21124038937899 491.74060578614399 3 2
998 551.73776816952284 2 1
511.54561380526138 475.30227942334614 1 0
664.25090226191355 405.93803627508271 3 2
27.996543002499788 643.25031630762794 2 1
505.54777421095918 489.30065481531142 1 0
670.19103633414488 401.22293891753742 3 2
15.301053369382345 657.75074897395052 2 1
492.37243716493685 498.66450818545911 1 0
595.11291193173133 835.47972663957989 3 2
2 653.12633363651571 2 1
476.70701806400729 499.62805664497307 1 0
40.009219756074344 557.10196761700172 3 2
2 632.73025558214454 2 1
293.947040502557 301.79474175984859 1 0
736.59159963195043 628.82064646841025 3 2
786.71246430304723 306.7274331482497 2 1
305.96715380193871 288.9341784942556 1 0
959.91578029965638 547.99869135096344 3 2
804.9227661219702 322.60292896999351 2 1
332.62413069444597 288.84689604259796 1 0
309.8584408901678 684.57269138279173 3 2
787.87079683448314 315.43799535524226 2 1
344.96182273547532 302.14006335703004 1 0
699.16850857407724 609.4052940103976 3 2
13.028857314488079 243.80757847445301 2 1
804.85252917358309 751.48099494111659 1 0
539.76197544485854 957.61374605051128 3 2
2 240.34770370521341 2 1
788.37275691111165 752.85990802140691 1 0
617.03755772262355 290.4021155817714 3 2
429.677643870439 11.473489155855393 2 1
819.00393247530155 715.28507435872291 1 0
227.35455569781078 316.17954983187639 3 2
408.82418098424097 2 2 1
820.62563271289457 733.25480198413629 1 0
194.84920744160408 290.49711130089662 3 2
426.71272480423926 2 2 1
163.80891486022097 226.5981596386336 1 0
789.95209834047137 967.27677263892861 3 2
675.72163597404233 700.16360548179784 2 1
149.91941119833751 215.32607768382371 1 0
642.26625447644915 251.21155013806026 3 2
824.74989436875967 756.4965818242664 2 1
150.81723101452297 187.28464373540515 1 0
785.15199317707015 849.01018468109839 3 2
3.7039788096964386 511.31581701836217 2 1
165.47340249993192 176.90405428247527 1 0
60.627299772954395 566.57075481507218 3 2
283.9753645160161 700.62600513200334 2 1
31.353585918314913 174.08555752456633 1 0
564.22086806980656 343.52093223081539 3 2
273.45670934029744 703.77071588530657 2 1
45.314468191986904 184.91461953559462 1 0
182.42331268568597 798.30970340235194 3 2
249.56296216770335 695.65016858871354 2 1
1 207.77754868245984 1 0
711.89949070326327 818.86833643807347 3 2
242.28591070233165 663.1238150712195 2 1
1 188.18163074019441 1 0
166.04715698174149 652.02543622963765 3 2
242.17802229126067 684.474169079739 2 1
828.47338142242688 30.153143879308249 1 0
296.5625000685643 332.99615059912543 3 2
234.54150924338086 695.33202340595017 2 1
817.66431978691514 43.726458378149388 1 0
263.65838853822783 317.91948430223914 3 2
998 182.6320543950805 2 1
795.97249462985337 1 1 0
550.42361650624002 924.047867898807 3 2
998 210.34486731618256 2 1
815.15582072310417 1 1 0
201.63076194964347 190.42445580423913 3 2
849.21407074080321 604.54627661223356 2 1
41.582818401825762 403.84807031050184 1 0
566.44214809909465 372.71912841119223 3 2
864.10305951043472 618.99765408770099 2 1
28.09718159817421 413.96229791324049 1 0
676.31466603274373 828.18221589811344 3 2
836.78842700565519 604.18724607824356 2 1
1 401.16601563151801 1 0
301.64693406732192 339.24782597622078 3 2
139.10840807343786 793.43846267977131 2 1
1 382.40435259222431 1 0
258.47208726302051 645.27261453054257 3 2
157.54758113838858 779.47068055456907 2 1
353.20872176352935 972.74337010463523 1 0
180.11672934025543 790.92143893630384 3 2
159.78641569719477 823.37151384330582 2 1
363.58141540778109 959.78787989536488 1 0
805.66574360943935 190.83158285182404 3 2
139.95982167112703 811.22900592520091 2 1
383.46544925273781 999 1 0
802.21641707131528 196.92273598020569 4 3
812.27459543246175 179.99049846490988 3 2
810.53613330959013 703.62553858824378 2 1
365.13514647291447 999 1 0
179.39310616281472 663.10605547845773 3 2
826.41870624140029 677.68412017297248 2 1
633.49892392176571 805.22227635097988 1 0
462.09287172100301 439.04292137271995 3 2
819.56557633595617 699.23091355317786 2 1
645.0527939058818 815.63959781032179 1 0
696.32430535022161 204.00625437493392 3 2
792.79761818495115 633.27856153848427 2 1
605.46745199587508 821.66383820298859 1 0
689.1226138016234 215.00080309913992 3 2
517.32996504821892 982.76425699711376 2 1
613.79896548255817 807.98080963320967 1 0
749.87776293858758 806.73120345487166 3 2
545.13675886114049 998 2 1
686.14194264450293 333.41004525990985 1 0
169.50788882156553 656.92679676859291 3 2
983.6219959027319 660.96040202141569 2 1
679.41564549039538 319.64580076213065 1 0
264.21564144895837 643.53722255372691 3 2
970.0525603102858 646.43393146946994 2 1
717.20844894255413 327.47550326784096 1 0
271.03327629241244 641.94981739393904 4 3
461.60377238240972 433.06288944663567 3 2
998 634.55509932977702 2 1
705.08232904074623 337.58553686358403 1 0
281.98879161360958 640.96154412858414 7 6
749.90221128866085 812.73115364451314 3 2
998 655.72110981829383 2 1
388.53667799741299 606.23126102750803 1 0
748.33416376221385 820.57597530945895 5 4
288.29588474351954 648.72173589494162 3 2
371.44928926503843 849.88638131289474 2 1
378.10406228069212 595.73552240141646 1 0
390.55449160331767 850.92864291823753 2 1
414.48275839064519 591.7138530093074 1 0
395.26127164453908 860.11978075873742 2 1
406.12239512227268 604.55362672538831 1 0
384.87302710455646 876.2524897813646 2 1
1 25.246211251235323 1 0
203.85851467724032 488.87990544810526 2 1
1 8.7537887487646788 1 0
187.36838801442161 497.20142846546855 2 1
8.7537887487646788 1 1 0
188.52979033972127 469.84474031764609 2 1
25.246211251235323 1 1 0
204.27447901748613 479.59690820177639 2 1
999 8 1 0
799.94968675170696 873.19953860640135 2 1
999 24 1 0
815.78541773831671 856.15326435150382 2 1
976 1 1 0
808.76174342404431 872.66600920544181 2 1
992 1 1 0
11.895329075340243 151.39617652372027 2 1
625.81184851336866 983.47574892025591 1 0
2 172.18982511336674 2 1
649.48504530539276 999 1 0
2 154.30128129336845 2 1
633.99311192056302 999 1 0
9.294266948095725 53.347347433220065 2 1
18.823362395927131 535.78154836701515 1 0
2 51.431457505076196 2 1
28.437691045057072 545.91635189194233 1 0
624.11976179197325 900.70870417824767 2 1
1 557.46821398455609 1 0
3.8342870150057422 65.99771116398621 2 1
1 542.50158443746022 1 0
855.54196035857433 210.26523860209215 2 1
816.43881288315151 489.66192629571981 1 0
834.00457849723648 174.58183311925589 2 1
859.62788879932464 791.91793691133364 1 0
854.67866225610157 188.75151068152388 2 1
858.30697490581167 815.78455694127183 1 0
222.96359877633603 841.43573259313041 2 1
631.48736559484769 729.75402698498829 1 0
835.44542508149118 975.36974096664699 2 1
614.74232546705866 720.48005956998361 1 0
777.48064583816722 158.94115262605209 2 1
626.68160777298965 720.76975511156638 1 0
791.40063463775823 140.44028362876031 2 1
633.01896543672842 861.95543975402734 1 0
809.27812641222647 141.28590670126982 2 1
628.0213906891471 852.35476233142231 1 0
821.38874741222253 161.15342678730664 2 1
647.97764392914939 853.44894341197244 1 0
680.34665918732208 309.53855046579531 2 1
641.20706866054866 862.73706834211669 1 0
673.15489252825228 310.12745044562712 2 1
672.2954615602049 989.01336609410896 1 0
581.99491939131747 397.10913586818981 2 1
669.46232064408127 999 1 0
599.16345700017291 409.80797613260711 2 1
658.14861214509642 999 1 0
599.60733608554631 423.03582045138376 2 1
9.5664076559699609 521.84670562513213 1 0
562.69942823133852 426.12875959202455 2 1
14.916473230456461 530.57689716553193 1 0
578.08636867546738 442.82791776122923 2 1
1 534.71538131796376 1 0
568.11036299484454 461.57702939894119 2 1
1 524.13237607370536 1 0
452.16371548099488 538.58143673108862 2 1
687.84259615973269 339.29644948734386 1 0
460.54682201592635 555.57007961777492 2 1
700.6527259457921 342.42677170793712 1 0
457.40489687253068 564.12905159611773 2 1
694.9407651492877 350.03233403030106 1 0
537.88163343467954 853.28083843310606 2 1
1 562.24596378669014 1 0
542.50644215856244 880.20367005030369 2 1
672.79532385523783 991.57284331069866 1 0
532.56795196435519 863.06764037725725 2 1
679.11917489357359 999 1 0
639.81387870971776 27.997721108632646 2 1
6.4999999999999849 572.52757476100078 1 0
629.35437926932582 2 2 1
4.8284271247461898 1 1 0
293.57215936064335 499.32156173598378 2 1
2.319520388499102 559.39587132048291 1 0
285.45063725264424 503.32152969895856 2 1
184.9146195355946 45.314468191986862 1 0
763.68168374659729 2 2 1
174.0855575245663 31.353585918314863 1 0
151.3961765237203 11.895329075340271 2 1
188.18163074019441 1 1 0
154.30128129336845 2 2 1
207.77754868245984 1 1 0
172.18982511336674 2 2 1
43.673791061468478 819.2373089951335 1 0
53.347347433220172 9.2942669480956592 2 1
30.070215495460673 829.98233288166819 1 0
51.431457505076196 2 2 1
1 816.63904328287163 1 0
2 667.52001957226128 2 1
1 797.45571718962083 1 0
65.997711163986168 3.834287015005764 2 1
374.9605521761909 41.971206436294395 1 0
162.62450478663945 608.98312516232977 2 1
364.36739845188873 28.703203674013153 1 0
659.2220492805111 275.42719861377077 2 1
376.9880909818321 1 1 0
323.92862504955571 557.08973168516809 2 1
395.7497540211258 1 1 0
314.24078090369073 562.15067053653706 2 1
213.49751677626003 145.83101289774817 1 0
144.22485455745993 409.50883154578764 2 1
223.51165042678647 159.14497988747257 1 0
128.01539824224119 399.17024812904697 2 1
180.56520848459405 160.91179837957418 1 0
128.69287781904112 388.34519427289689 2 1
189.5161477659347 146.77455813952005 1 0
146.17866279700701 380.13816611116374 2 1
295.14199641628966 725.59149042913009 1 0
770.36924252009533 998 2 1
285.04634668716812 713.55862399226316 1 0
988.13438861425595 150.07443901620277 2 1
325.33322371082272 712.36237212793549 1 0
998 152.98425898020992 2 1
315.60593422800974 725.19024919485344 1 0
998 170.87280280020826 2 1
662.4554806022602 557.14077094933668 1 0
19.741068273074909 421.1275482960715 2 1
676.62750935245799 550.58387224840601 1 0
990.72835701413396 52.633827551283453 2 1
694.24624640799584 559.99451524503468 1 0
998 50.715010882118847 2 1
696.65052929968044 575.52491035640878 1 0
996.17573199792287 65.197928485674808 2 1
741.60157315365586 726.69187505822231 1 0
438.21395546764467 454.89253038220386 2 1
755.83290589130672 723.70538726506618 1 0
397.12567724175364 126.74139138294495 2 1
738.03239027290442 754.90003370506781 1 0
407.5106792158208 142.90648136100012 2 1
733.3980306363344 740.6851137706567 1 0
378.12463067260416 144.88619958365575 2 1
401.90223904980934 409.2183763362076 1 0
386.35638166713034 127.42365087146288 2 1
411.66073701784995 398.74122027484731 1 0
475.4317779025327 199.50164804565514 2 1
416.97323608203345 433.13608719933188 1 0
488.07067178195632 175.27835634850516 2 1
404.07730463524609 425.49641280088395 1 0
315.1303022384393 812.10686842529185 2 1
1 992 1 0
310.09200307400386 818.945829033069 2 1
1 976 1 0
292.41528541256582 816.16545134573869 2 1
24 999 1 0
849.92556098379714 11.865611385744039 2 1
8 999 1 0
835.87831826294905 21.79788495294801 2 1
721.89174493179235 633.90593389729054 1 0
847.01574101979008 2 2 1
696.7116459014278 634.86638352981765 1 0
947.36617244871672 9.2716429858661655 2 1
693.30335709573114 621.07594226209471 1 0
949.2849891178812 2 2 1
971.59837990086817 536.96032154168518 1 0
986.34807035220297 557.15097644690502 2 1
981.27842009913184 526.91725319779744 1 0
934.80207151432501 3.8242680020770052 2 1
999 533.6714481517165 1 0
642.65924760775363 225.83867565716687 2 1
999 548.63807769881237 1 0
533.82262556526598 2 2 1
1 650.13939716025811 1 0
554.21870361963715 2 2 1
1 635.71719205840213 1 0
738.02049944956843 483.85003348464755 2 1
798.44626524313867 296.48869640614788 1 0
723.02597604344601 493.36796959856946 2 1
22.941400617261387 232.15133463666805 1 0
721.27009775231681 468.27840043584939 2 1
1 224.33362260485575 1 0
737.46784973655349 475.67251640074142 2 1
418.58814536599016 20.969416768988054 1 0
11.835477011417069 851.24889185298548 2 1
692.42714497304394 690.49013761066533 1 0
2 848.33436854000513 2 1
696.36113004370281 700.86024212249549 1 0
838.66568490500674 978.24689961226386 2 1
207.79977392946404 54.709829771371787 1 0
9.2487006941786856 948.07826897278721 2 1
203.78851933854196 64.864350225804529 1 0
2 950 2 1
194.74677549117607 65.013595011423703 1 0
3.8141082660793613 935.60086008253631 2 1
190.40829217415899 54.973999665172364 1 0
575.56878034232557 902.26438650587795 2 1
327.61800608465933 691.69514361661038 1 0
574.34125964073576 908.35881811948002 2 1
337.4062561347377 693.92293881928708 1 0
450.12325023143779 820.1593175995539 2 1
338.94926220890852 700.57252090946076 1 0
460.04560782631609 804.56473711571414 2 1
330.91979590226293 706.88045777698369 1 0
473.09350980743545 828.61490677797053 2 1
813.92013363267756 753.13356291089838 1 0
454.56295946150908 828.3877784296867 2 1
823.27050593169145 743.68092328948831 1 0
532.80543341702389 688.70392808825648 2 1
826.62976689326331 752.60576871067406 1 0
536.50279466667405 695.76978182943014 2 1
392.49035736053582 607.36782609301702 1 0
148.75110814701472 988.1645229885828 2 1
400.56567219421351 607.02126701951465 1 0
151.66563145999498 998 2 1
391.00831454937554 609.78198227156145 1 0
51.921731027212871 990.75129930582136 2 1
8.4227623194090029 519.64071375490471 1 0
50 998 2 1
1 513.30851019045861 1 0
64.399139917463671 996.18589173392058 2 1
690.67966282023121 689.49064594523054 1 0
489.45049837484703 266.12304387496351 2 1
999 4.8284271247461898 1 0
499.59712752273151 281.54170807354262 2 1
995.17157287525379 1 1 0
472.26215972634316 283.44383380506252 2 1
295.41931069270049 688.37708289757177 1 0
480.2373306829262 266.74190481027904 2 1
269.78658057840209 702.93666891689509 1 0
549.60788129192247 317.12792492445141 2 1
252.98125953068762 697.22519957654299 1 0
553.42032437316368 310.16585699639825 2 1
242.28795631658582 666.31710171796271 1 0
988.19508371680547 852.57383902688491 2 1
242.21233984910248 681.28106618474317 1 0
998 849.65462590040943 2 1
231.10491290620024 696.75415738238337 1 0
335.25044034754416 988.42521340616702 2 1
214.27513241570296 701.64510735889178 1 0
348.41216819156222 978.72518659383297 2 1
954.74234483385067 183.33125382537295 1 0
990.774567379063 948.78892138299761 2 1
968.73296748024802 172.56796256740876 1 0
998 950.71355310873651 2 1
999 186.69050188449881 1 0
996.19619552460745 936.39863978875701 2 1
999 206.28641982676425 1 0
482.40701198013267 724.21922691948987 2 1
170.01766711833181 969.92978450453927 1 0
472.42215278482445 739.71093534612032 2 1
180.76269100486655 956.32620893853152 1 0
463.32000173690608 739.23943745712165 2 1
202.5442828103792 999 1 0
455.00679939798522 722.73080978612018 2 1
183.36095671712835 999 1 0
590.52774086181989 570.93428287962797 2 1
958.08060638734287 371.38716020399238 1 0
595.06251790862723 575.02043429501691 2 1
971.37956008114713 360.85918853950506 1 0
11.773919217361637 346.0587534327841 2 1
999 373.50492677733206 1 0
2 366.87118487197205 2 1
999 392.26658981662575 1 0
2 348.98264105197376 2 1
851.60551609785989 606.5380406036287 1 0
948.78892138299761 990.774567379063 2 1
862.04086058002429 616.66667355054074 1 0
950.71355310873651 998 2 1
822.23445194280828 617.61950553617748 1 0
221.62604894328322 824.24210703686026 2 1
833.9236619088656 606.18431179262711 1 0
936.39863978875701 996.19619552460745 2 1
141.44924707440498 790.85878756465206 1 0
245.16456368152592 11.742475502435772 2 1
154.43039917960641 781.02548844104797 1 0
224.34747495649037 2 2 1
156.50837913773921 822.13906104562398 1 0
242.23601877648866 2 2 1
142.54739692386511 813.58886140701725 1 0
774.63760069323951 161.76777325264428 2 1
794.77442194227626 699.55897548732105 1 0
157.14881014511622 419.17354634563048 2 1
826.0248850594154 681.07139753022955 1 0
738.72025826011497 779.21432694880195 2 1
821.20086817077538 696.2384958628578 1 0
739.95179932643612 761.78889279118187 2 1
510.63669439644661 463.06182935870828 1 0
344.70721011083265 11.742475502435781 2 1
503.98441014839614 451.44880106319471 1 0
347.6357550158699 2 2 1
533.95165238412824 463.75646367062819 1 0
751.75362991727479 783.8724245905612 2 1
520.96354601468897 467.33307057227239 1 0
732.88409817532806 795.05284156633923 2 1
820.752291566699 630.62909910840244 1 0
203.10173985969655 126.23282629032582 2 1
826.43160676824823 641.67522272646397 1 0
198.52742275887385 126.38838692482263 2 1
795.49603802557886 631.50169126386982 1 0
6.5431794930145912 255.94071787325191 2 1
809.43439866076938 625.89819040128918 1 0
2 254.88738265292974 2 1
999 976 1 0
570.80505606303416 96.670299406219513 2 1
999 992 1 0
565.54442044738914 93.190535330503138 2 1
992 999 1 0
988.28942551473642 242.49383832395247 2 1
976 999 1 0
998 239.56065533273795 2 1
518.94613233574148 980.11543656677168 1 0
998 341.62209920451971 2 1
528.9939977807004 969.86456343322834 1 0
859.07859622624471 208.18331563743459 2 1
541.92827440345206 999 1 0
858.43092805087429 190.59079709987327 2 1
526.43634101862233 999 1 0
986.25 626.90098199578915 2 1
981.07809096342794 659.30760743884014 1 0
11.645356134676113 760.87109909355922 2 1
971.52841791231174 649.08440814564517 1 0
2 781.70203593490407 2 1
999 637.65478980048749 1 0
2 763.81349211490567 2 1
999 652.62141934758336 1 0
303.89478361128675 742.13074788554491 2 1
791.62045665845585 860.42880697938483 1 0
238.42914566623634 988.38798434895034 2 1
20.995257438959612 162.92257665467724 1 0
235.48218527925428 998 2 1
379.34350196298942 579.03302795575121 1 0
815.15918136130858 664.13499699730085 2 1
376.73201243912553 588.66296450914058 1 0
800.01643955057034 65.466952783354415 2 1
371.52330265003718 591.40702550744174 1 0
805.68854543896271 65.58254005075608 2 1
361.24550700970502 586.96240270256737 1 0
669.83461231046977 6.4915130761424713 2 1
16.953444858411672 42.517222760942303 1 0
668.77792888557087 2 2 1
1 37.774603255583813 1 0
988.42182846855087 764.23529067982963 2 1
613.68899520389334 906.43325399494017 1 0
998 767.18679006123159 2 1
627.42850140490884 904.211594765982 1 0
64.671124919647056 802.03436569089706 2 1
627.23837285072796 914.45262897588668 1 0
64.787055952059021 807.67661823456319 2 1
513.61636166542689 561.14224677779771 1 0
748.35293348826292 6.4915130761425104 2 1
515.33060237140467 570.18960922393182 1 0
749.4096169131617 2 2 1
511.28829186173596 573.35709301934628 1 0
988.5625 425.01943205683864 2 1
502.76897934263593 569.18485180139385 1 0
998 404.16157152921465 2 1
6.83752741206583 139.00966164045028 1 0
998 422.05011534921294 2 1
10.572903426936463 146.94458859668458 1 0
197.80333534971146 935.75950666478252 2 1
1 149.19349550499535 1 0
192.17760482111481 935.6240799154109 2 1
1 140.24922359499621 1 0
542.66560926382692 420.34879342139868 2 1
8.3560578056153254 57.545461266523219 1 0
541.38158393569984 438.17672966059069 2 1
1 64 1 0
755.39997980464261 993.5810567711984 2 1
1 56 1 0
756.46079945398401 998 2 1
3.7848386433572734 130.71876828772932 1 0
8.2222222222222143 669.46514693193501 2 1
1 138.10511776651532 1 0
3.7500000000000853 679.72289769013139 2 1
1 131.17691453623979 1 0
416.37644759865179 988.59906040359283 2 1
1 995.17157287525379 1 0
413.40277638715486 998 2 1
4.8284271247461898 999 1 0
395.51423256715657 998 2 1
2.9999999999999996 4.8284271247461898 1 0
343.36180580928198 422.48845275594181 2 1
853.05630738882633 213.05578635939102 1 0
327.03715021224843 410.17879080112118 2 1
839.44012627710117 224.15039205473295 1 0
62.218886150471064 393.55680033554364 2 1
837.40624546558695 176.17405253203191 1 0
47.82607769179333 399.24913028270612 2 1
851.96643772658445 186.15336924513639 1 0
62.374749474465041 388.00994002296113 2 1
970.01388888888903 831.493785612804 1 0
553.71968876565995 986.3250352998017 2 1
956.38 820.81377487680788 1 0
335.85633922098839 998 2 1
999 798.9414115244183 1 0
664.19533780817449 416.56430110878642 2 1
999 818.1247376176691 1 0
680.44179645447014 404.04227876920868 2 1
221.1915750342344 844.5771648664047 1 0
151.82191874769808 550.16547793565132 2 1
210.50944742428584 857.68707530582503 1 0
147.23767308632625 547.54135052731658 2 1
185.80422037117921 856.26796653319036 1 0
156.6931632909004 387.31224853570143 2 1
176.67027318112605 841.90018205013428 1 0
546.43728874251747 150.05479055667618 2 1
822.93074243019726 959.50587573182622 1 0
543.83180204199925 145.50102888562651 2 1
833.68000234580586 972.27292346380739 1 0
906.52018322475351 561.9817804408832 2 1
821.89887861873763 999 1 0
450.06204638579965 505.62510622115457 2 1
803.56857583891428 999 1 0
996.27266017464842 684.17753154985746 2 1
779.02440563099628 155.81485975271991 1 0
853.13050581689527 556.07872583831875 2 1
788.82443536755375 142.78977266853067 1 0
851.71181190576624 540.73033733664136 2 1
811.63626873323017 143.87898766773324 1 0
856.23460722249274 538.14379649348564 2 1
820.16431117781462 157.86927392658092 1 0
868.7489875452768 547.23149705158517 2 1
692.01923923454183 299.81925031653566 1 0
347.07231280971683 322.11277432888318 2 1
670.23793708019548 308.62365570817229 1 0
560.39347640917913 13.842243205348051 2 1
657.91950292217314 299.51576462985639 1 0
115.53238765604775 394.09990165358016 2 1
584.87045747625302 398.55903252548922 1 0
559.45390645288592 603.48241770813979 2 1
596.93527590697397 407.48286783175882 1 0
552.20706432530324 617.0523259851791 2 1
597.51272142596235 425.55985641335792 1 0
547.28573180151511 616.82496080939688 2 1
585.75280699890686 435.32080941574696 1 0
541.32659038584131 602.6338354686668 2 1
574.288346678631 435.00297083351484 1 0
623.1539193725539 13.842243205348055 2 1
577.15550081654044 445.90205999855101 1 0
392.07134449519003 114.36485710421871 2 1
570.1398418055652 459.08743480887131 1 0
656.74573047862907 575.00348851009778 2 1
454.72998581519562 565.78929853109548 1 0
864.30910263118335 633.38003969674139 2 1
441.00070106561947 570.77069510378305 1 0
773.23247735372126 744.80522673272606 2 1
604.77671547773423 149.72345667040628 1 0
508.07740323402004 3.6920240403085955 2 1
613.81455421886233 140.6750851901387 1 0
519.72634817109827 2 2 1
616.47081457526167 171.24050448510226 1 0
439.10353087522248 536.19756975551866 2 1
605.22637994238505 162.44217596418036 1 0
506.2209232607679 437.14288635965175 2 1
540.75875608640695 852.42777057143587 1 0
886.80361920315636 388.06532074283797 2 1
554.58021650314129 851.66061105491235 1 0
875.28195975389292 392.73259241700111 2 1
540.41316341245783 878.02389641372963 1 0
362.06772007781683 573.63254497491698 2 1
533.42046611348758 865.96702800934872 1 0
996.32012001401984 502.86037643686035 2 1
652.70763256385442 17.789607246977109 1 0
613.13284022253583 558.30788281439243 2 1
632.34131574558342 1 1 0
626.65605795024237 569.99733263405858 2 1
646.76352084743939 1 1 0
554.77207477717388 880.01086395499055 2 1
295.33378052833569 483.72051933562818 1 0
546.97097957149992 893.11708026123767 2 1
271.98403903900265 495.15684542267775 1 0
379.73696130555891 889.02226485591109 2 1
771.75102571382774 22.928117837861194 1 0
374.18743260829831 876.9887070939717 2 1
761.81209572220644 15.174692813026383 1 0
493.65541905176957 996.3324584125736 2 1
779.69576484695494 1 1 0
654.5756665451629 233.99842667820846 2 1
162.92257665467721 20.995257438959584 1 0
776.44633183481119 183.0155614214269 2 1
797.73128855187474 951.12755648392408 1 0
177.7685669984223 459.86200775263944 2 1
802.18856964140161 940.53309569185456 1 0
475.62914477593137 291.30044244462516 2 1
812.36076688810351 940.26297654357859 1 0
829.29207896516095 652.97291574139604 2 1
817.36620452883869 950.65346863769003 1 0
844.92109958190213 651.10232432108648 2 1
42.517222760942239 16.953444858411714 1 0
188.3595405731856 334.35726119390927 2 1
37.774603255583813 1 1 0
559.06429587026128 396.42676463431258 2 1
380.75635274034659 940.88601690898224 1 0
416.79633981045129 155.36008993045078 2 1
384.40935689517892 950.43895285660824 1 0
404.47111814343083 153.8019648282806 2 1
369.16500920285307 950.12888398261236 1 0
641.76346218756578 572.10108946201103 2 1
373.2294099580979 940.71921496661821 1 0
629.90552952129303 561.5663935446205 2 1
11.939906974958093 656.88810129775732 1 0
457.19305007853927 175.80244990118308 2 1
146.9445885966845 10.57290342693641 1 0
17.746059571222123 172.74294514210402 2 1
139.00966164045016 6.8375274120657963 1 0
332.98278469866773 186.40167598339323 2 1
140.24922359499621 1 1 0
370.49959089430189 158.96842536009717 2 1
149.19349550499535 1 1 0
9.6306775636317568 176.31112015947173 2 1
57.545461266523162 8.3560578056153503 1 0
846.42831111823693 412.44256577488125 2 1
56 1 1 0
857.09212510739906 404.63438161611379 2 1
64 1 1 0
817.14587569965488 461.08620796058926 2 1
130.71876828772926 3.7848386433572614 1 0
826.16438511542094 452.54584157618666 2 1
131.17691453623979 1 1 0
9.7072881661077677 412.39802563769882 2 1
138.10511776651532 1 1 0
815.55687804940317 329.631799829594 2 1
999 995.17157287525379 1 0
813.21871907905802 316.58545374241316 2 1
995.17157287525379 999 1 0
842.83598588850646 366.84381717519676 2 1
2.8076734353812349 522.16426526699456 1 0
402.97961498685822 849.22015022899654 2 1
142.11625471674191 619.83183165161984 1 0
608.55266528863729 728.61502210432502 2 1
151.43384497309111 610.57839167122688 1 0
603.41540058512214 719.44317906481911 2 1
165.09335931184873 610.96366167069561 1 0
358.36846449473211 846.52583140063075 2 1
174.35356780235949 622.35682164797254 1 0
364.72787783918494 858.1354582863454 2 1
655.0626717593874 289.11084014095962 1 0
258.79031082236298 488.17114787398123 2 1
646.59753495413122 294.55514223419226 1 0
270.86396132782033 482.83831966916523 2 1
632.90635925690628 291.77702902306055 1 0
176.05014839102296 506.13627938261556 2 1
338.73470297700169 564.94650053955786 1 0
486.2754841824397 200.18161043451937 2 1
312.2592461335675 578.85489624063939 1 0
385.46651983731908 677.76311571292752 2 1
313.31758051086911 565.01487119670242 1 0
502.75111088284763 174.09214832607611 2 1
212.95184666161484 321.94475576264705 1 0
494.96376940269062 183.75735756269006 2 1
201.04626446350511 327.23693041245332 1 0
801.88066349858002 470.99264846678295 2 1
190.25534322838388 318.87053627683349 1 0
334.68722534320409 406.49335340739799 2 1
192.48544417931328 305.93710814161295 1 0
470.40561774064383 804.77149579887066 2 1
768.44918250879482 984.96393129323087 1 0
478.69350567035991 819.84476012986761 2 1
778.26003230684978 977.0928687067692 1 0
172.74294514210402 17.746059571222126 2 1
786.38332362045298 999 1 0
405.28482733420691 7.2287934020548503 2 1
979.00582186789518 161.57069405651669 1 0
286.25655938728113 475.42387841427268 2 1
12.333446704305814 432.92824532635217 1 0
858.21790538346374 558.89305800942032 2 1
1 429.50019499399002 1 0
552.43502093799441 675.26748281592904 2 1
1 417.50019499399002 1 0
558.79050848643487 687.28374304676004 2 1
983.043949537054 41.826664043792739 1 0
479.98171477876525 716.13284822413175 2 1
999 37.058156632626464 1 0
713.62188407086626 488.82599333444705 2 1
311.28747286038481 280.1178644535587 1 0
458.18620273047833 714.81996637281338 2 1
315.1427319119781 270.74853263861957 1 0
712.49652647193386 474.01751411946469 2 1
322.26506005114874 270.51254839871831 1 0
810.28088088413688 299.27349427185737 2 1
326.70539039813883 279.71689572047194 1 0
497.23595348727025 289.67427539623782 2 1
619.3585155221059 805.06855382556273 1 0
299.02471602243327 201.44163866456313 2 1
625.13170820261269 792.43372848889089 1 0
297.01810708326843 795.40136359503845 2 1
989.421878465551 145.70729502575935 1 0
288.5561125499238 806.46028846660306 2 1
993.17353573563253 137.78194567053185 1 0
17.618958374840741 367.19791470301709 2 1
999 139.02505496757439 1 0
28.038061094609986 366.56495015154042 2 1
999 147.96932687757354 1 0
767.27973345393502 718.7603655423502 2 1
991.638731848519 56.755233591694925 1 0
677.2750516231963 705.27323060382298 2 1
999 55.200502515735202 1 0
615.33450546766483 741.89493756441334 2 1
999 63.200502515735202 1 0
393.74671362397947 666.37059542679901 2 1
999 130.00327426409041 1 0
645.43019190689097 966.98299181978371 2 1
999 136.93147749436594 1 0
344.63592182980028 414.16616940566774 2 1
2.2180783110271265 125.29220810470245 1 0
971.52296598856651 635.03804077495715 2 1
1.4154300534600281 121.95637876462715 1 0
628.99285095718017 25.349478765895569 2 1
656.60463136715907 271.29509128550023 1 0
811.31040337535603 849.14766593165382 2 1
647.52891460021976 263.83227352654882 1 0
11.609164376416988 626.13390372034837 2 1
675.62058112662078 269.22205380081346 1 0
621.60493027467714 918.58617062741939 2 1
663.65086239523202 272.78938242198672 1 0
181.60799754509679 176.68015535754009 2 1
427.45136816400617 431.05685854803602 1 0
27.143219192895621 633.94825346421192 2 1
435.34474132461196 422.47957605696513 1 0
607.38074436218415 836.28989976642174 2 1
435.77297052258473 452.89871225790876 1 0
27.214288304734964 559.0061288721655 2 1
426.60820587980351 441.5064330012994 1 0
642.99557679552174 843.48276427453891 2 1
625.7727660419165 170.3556006927916 1 0
656.31023416268556 843.34772339658844 2 1
633.94640216986841 162.79308309295487 1 0
9.7072881661077659 371.1723425860435 2 1
632.06890929718236 191.45381987820119 1 0
556.94404015386124 598.21139976856261 2 1
624.16912694557209 179.56090880595787 1 0
425.13637959414297 397.30023242743732 2 1
167.05107678402234 640.60983922099308 1 0
418.99436206896814 386.2568971107134 2 1
173.90019593441144 631.86121328587251 1 0
176.31112015947173 9.6306775636317514 2 1
182.80789890396872 629.88648041778492 1 0
544.30485207007973 597.60289780463359 2 1
194.47971236713869 637.39881263567486 1 0
725.64911970046614 621.47668299487202 2 1
466.06336874505678 186.80142145225949 1 0
219.64805926318252 9.6306775636317568 2 1
472.25267436325021 174.88449360693349 1 0
972.69910035741066 550.04779776708108 2 1
309.20002674310598 798.13943381841204 1 0
300.22731450011821 675.5020127805908 2 1
831.74691378945408 1 1 0
9.6688676309436552 785.89836347993582 2 1
291.44747843935562 311.51890006666883 1 0
542.08816873889782 453.48408843977739 2 1
292.68707208186157 321.98137623636501 1 0
689.14922584872261 609.31624469244105 2 1
274.97194841656301 312.74003720489083 1 0
542.44412207648077 970.14259701727963 2 1
285.20667706559721 307.87588985097182 1 0
982.3364912505956 171.27241678382825 2 1
958.17333595620732 16.956050462946045 1 0
868.67037230762378 553.09336740816013 2 1
962.94184336737362 1 1 0
626.28938507464011 139.90469775342549 2 1
205.27092047911609 866.50838862356898 1 0
619.44776366968222 128.72120958259831 2 1
201.05061564825741 875.84917293884087 1 0
990.36932243636829 174.81999130377613 2 1
193.37847248415002 875.46800070499319 1 0
563.78987785872857 860.93064913549199 2 1
190.11561258138812 865.72722896226958 1 0
568.81829320066095 849.25810869077441 2 1
999 554.58608621952146 1 0
990.36932243636829 218.15693040748693 2 1
999 564.38404519065409 1 0
625.6943363047501 280.70460699144513 2 1
862.21805432946803 6.8264642643675817 1 0
214.10163652006418 990.33113236905638 2 1
854.29270497424056 10.578121534449039 1 0
321.37414868792024 588.25105743289828 2 1
852.03067312242649 1 1 0
309.63888658874123 593.09420501103943 2 1
860.97494503242558 1 1 0
215.69890479167304 309.84745903169778 2 1
943.24476640830517 8.3612681514809886 1 0
984.61064869587801 359.81414535337035 2 1
936.79949748426475 1 1 0
203.6355225445491 300.36277103113196 2 1
944.79949748426475 1 1 0
990.29271183389221 362.27291677115124 2 1
863.06852250563406 1 1 0
789.74485225443811 980.68709386321234 2 1
869.99672573590965 1 1 0
786.83054833819017 691.37801645835236 2 1
3.7788459488729123 69.300007930468951 1 0
783.24314295406725 700.90635271644499 2 1
2.2180783110270426 74.707791895297873 1 0
635.64121077186633 263.5548607669906 2 1
1 68.887301627791913 1 0
795.52419538209062 850.55343870400395 2 1
1.4154300534599384 78.043621235373308 1 0
196.46685911271697 650.33792162887039 2 1
643.63046292985064 193.17801168378364 1 0
207.41290505758752 643.90701709118161 2 1
653.64242437029998 186.0198053403071 1 0
656.70529716151839 174.19520722474618 2 1
641.42082723565227 222.38492807595978 1 0
553.42259822787389 24.687756153989252 2 1
638.02460982077116 205.47784559359539 1 0
550.47249398495057 37.125508079734146 2 1
540.77661975708929 26.618963730995091 1 0
562.1718874597982 877.63136755804169 2 1
530.77238900405291 17.52583626900487 1 0
696.05833973014126 289.62741876073193 2 1
536.80956204152358 1 1 0
702.7740458682315 297.69277493521281 2 1
551.23176714337956 1 1 0
780.69135979852888 30.559744153175849 2 1
325.95236735919985 199.02692250681022 1 0
830.3128697820697 19.464289447002805 2 1
320.71355890122078 210.946151346568 1 0
793.01380596950321 961.28955230890551 2 1
304.66911484952982 190.50531018539291 1 0
140.401377354761 630.85102748856264 2 1
317.59735476951516 188.28696518713514 1 0
131.84949708128954 625.2002442127025 2 1
20.992969951554304 839.78330350205192 1 0
17.54093094126041 415.36731088469196 2 1
1 833.06554130966913 1 0
683.34631561021172 261.44382842708711 2 1
831.21232048709066 990.93907832270202 1 0
686.34392063915425 271.50191190481183 2 1
834.61149272994646 981.31589651711408 1 0
185.78125156064402 816.69367662594937 2 1
850.47600516800151 985.73590494391294 1 0
392.75992099287799 992.72014263396898 2 1
16.958618390639444 958.86206527067054 1 0
725.30821185320588 819.70507427883035 2 1
1 963.65685424949243 1 0
157.57969017688447 644.32971520147873 2 1
994.78190686547907 528.99424847043758 1 0
353.52681051087222 998 2 1
984.79926586509646 522.31884348842777 1 0
220.87727432787653 179.05993636093808 2 1
990.24558404132631 513.65736754294574 1 0
396.13035903425191 323.59617233131888 2 1
532.2483334947766 5.4229147736933063 1 0
450.72846312084289 493.43132760606142 2 1
530.0274542836919 13.435964740341301 1 0
454.18423030311055 480.20623228453837 2 1
527.06164015143793 14.793748500893345 1 0
550.51472372861895 913.54520185206297 2 1
518.96078639687562 9.7789423401202384 1 0
186.08543825537149 697.97479974151236 2 1
10.58338735915577 855.53134567904306 1 0
764.92434041050763 635.31144464675538 2 1
6.8152364508168404 863.44693401972347 1 0
448.11665196521199 480.80489712453021 2 1
1 862.20024871264229 1 0
575.20640412272371 317.5239145926036 2 1
1 853.2559768026432 1 0
580.18131308464058 308.46920502772446 2 1
8.3665380597909262 944.03382567186918 1 0
992.4368359720379 31.900308134779241 2 1
1 945.59797974644664 1 0
200.48183794500963 204.9778250274249 2 1
1 937.59797974644664 1 0
590.40853205355438 545.62110043793348 2 1
1 871.17124521617325 1 0
968.09969186522073 7.5631640279620846 2 1
1 864.24304198589766 1 0
614.70709515814895 103.77752592089621 2 1
74.707791895297547 2.2180783110271265 1 0
711.50072104244805 606.74016153688387 2 1
69.300007930468638 3.7788459488729984 1 0
224.0486429356408 17.65277921565291 2 1
68.887301627791913 1 1 0
224.72458517693201 28.071881014861731 2 1
78.043621235372854 1.4154300534600281 1 0
764.42220585613427 179.69364925111748 2 1
566.86166401729929 889.90776377543671 1 0
754.26536850582829 176.573482339593 2 1
560.99309394728778 916.40771408688147 1 0
19.381158956335433 831.7840734166349 2 1
540.44976471509403 675.66977663489411 1 0
96.493579966478222 610.20794524952055 2 1
551.59274425494675 696.90657237718415 1 0
102.11300491959862 618.64034842310775 2 1
160.21669649794794 979.00703004844581 1 0
384.88683195792441 45.954193946378282 2 1
166.9344586903309 999 1 0
563.12803119578962 65.51606793563289 2 1
791.61072980020526 637.83646096093776 1 0
409.40775174323403 564.51575884270505 2 1
790.97836290757914 647.70435131511715 1 0
399.19239583587114 568.94803415333593 2 1
776.0452784231602 634.67975431595687 1 0
17.756822770113526 781.9137293215324 2 1
787.40459155053804 633.43339913729415 1 0
28.174849734620125 781.10454379052408 2 1
41.13793472932943 983.04138160936054 1 0
217.41220154163472 982.20760732257224 2 1
36.343145750507617 999 1 0
218.26730182419567 971.79032640207083 2 1
990.39384921248393 673.4950559575293 1 0
7.5631640279620891 968.09969186522073 2 1
985.09111199487063 664.72751248898408 1 0
563.25589702448224 383.31373343933853 2 1
999 660.63995775705712 1 0
31.900308134779237 992.4368359720379 2 1
999 671.22296300131552 1 0
413.0499809125605 341.43632263365504 2 1
682.59229309514899 546.61183677802592 1 0
419.16558070932467 349.99773218909314 2 1
689.84140392871257 540.50592571956406 1 0
28.729167732441262 224.69463616283971 2 1
695.11941230164769 543.2774706944158 1 0
667.19186879915947 834.0890958135908 2 1
694.18839314107561 552.72931098905156 1 0
411.33724120311604 26.6604147507717 2 1
136.55306598027667 993.18476354918312 1 0
186.8318296527122 710.54429480367128 2 1
144.46865432095703 989.41661264084416 1 0
188.04620967901042 721.20538938286768 2 1
146.74402319735688 999 1 0
182.46759979467294 249.83592947484289 2 1
137.79975128735774 999 1 0
319.49963565811845 689.43033727433192 2 1
55.966174328130826 991.63346194020914 1 0
168.21592658336507 980.61884104366459 2 1
62.402020253553339 999 1 0
384.00758654588498 572.44337740724086 2 1
54.402020253553339 999 1 0
190.67767333374817 658.29125137943413 2 1
135.75695801410225 999 1 0
952.10832998566377 810.85788938031214 2 1
128.82875478382672 999 1 0
696.83813730002885 198.17470699692171 2 1
125.29220810470213 2.2180783110270426 1 0
701.65376744367779 196.82945374211059 3 2
833.50721458077976 998 2 1
121.95637876462669 1.4154300534599384 1 0
704.91746530461273 190.63685523481752 4 3
509.79503235333584 558.35038841156768 2 1
96.276935176498853 578.29244473234496 1 0
653.89310616568548 8.6017422268670067 2 1
92.841038017873416 590.0427912707753 1 0
379.53763972808213 956.44496289279516 2 1
76.390598421814005 568.02475457204741 1 0
387.40385613753847 958.46541486027445 2 1
89.898899769658556 568.76492438832281 1 0
342.02839226530267 573.73206021841702 2 1
556.94629509879962 330.29605264354763 1 0
347.47177811556031 569.46730869155999 2 1
568.54981404076864 309.30509915550323 1 0
986.34795441724145 34.465502973739156 2 1
979.00837253906866 841.13945276703282 1 0
978.50766773138503 34.2422866150972 2 1
999 834.38579867007343 1 0
443.45909040641953 419.58496108420132 2 1
352.46782517286306 981.70982217903975 1 0
437.83868021756285 414.20663303538709 2 1
356.03988340307149 991.27017782096016 1 0
642.08309757674397 160.70697612179362 2 1
983.03885388139463 959.54893340596936 1 0
636.65725675145188 154.84267921158479 2 1
999 964.37040735822893 1 0
965.53449702626085 13.652045582758578 2 1
936.51288100690749 803.18315637862327 1 0
965.75771338490301 21.492332268615151 2 1
946.13114639349442 799.65076180481424 1 0
21.520943478687727 966.42789701371544 2 1
945.78553248120681 814.83312294121117 1 0
33.572102986284634 978.47905652131237 2 1
936.32407425563497 810.83978040930606 1 0
952.06718862872822 804.62029907648787 2 1
625.95441533471865 987.61618141419422 1 0
954.22577663806112 796.80373814328004 2 1
615.74425701933717 992.78893733388259 1 0
914.58071178473506 600.29263775371783 2 1
622.86477091621271 986.80107503902684 1 0
590.65671578038871 81.947215859382197 2 1
993.19616009575918 864.67699510763578 1 0
46.899490569950551 211.14679840602659 2 1
989.411298573983 856.77135651181231 1 0
589.51481622263009 85.823348573090996 2 1
999 854.48243295391001 1 0
391.14023038178732 45.88739773992711 2 1
999 863.42670486390909 1 0
398.97189431892826 43.756340551934635 2 1
991.62813139257548 944.82169683143411 1 0
814.97958499281503 221.11605063465504 2 1
999 938.3954312071844 1 0
791.22405119891005 45.254661102475175 2 1
999 946.3954312071844 1 0
973.42562320844286 782.77331824021257 2 1
997.78568845320876 73.849840743279415 1 0
44.484361985719062 793.20125925092464 2 1
996.21744849414938 68.444517639807913 1 0
873.04148452640959 804.09405326907836 2 1
999 68.029078316313246 1 0
973.31053712352093 406.74766361702166 2 1
998.58242492540364 77.144329210066346 1 0
206.59516623014309 955.95634932942858 2 1
591.48082293684809 556.6266993095237 1 0
398.17476528693493 973.28130920827584 2 1
609.84881239588344 571.96407953353469 1 0
42.635562174583697 378.15551009244314 2 1
20.990144968130011 357.46138790412141 1 0
957.02504222982623 394.99248353978038 2 1
917.78598366902872 608.39371236623958 1 0
915.91859723986556 579.72693788845061 2 1
922.96254838074321 618.0950871448531 1 0
928.69701752957565 558.52139109343989 2 1
918.50342716749344 625.52923127004055 1 0
447.67837889058319 519.66961205104883 2 1
907.0095335492224 625.18021200045382 1 0
368.1655548270773 317.49723520851887 2 1
959.54893340596936 983.03885388139463 1 0
188.87598445495041 223.27830914185122 2 1
964.37040735822893 999 1 0
228.20094371392014 647.70592197388328 2 1
233.83039860089656 825.6872603770795 1 0
573.45584363968976 524.37049160111701 2 1
235.52043769147764 832.66397323355625 1 0
768.03735063725753 754.91331950698441 2 1
227.34756220315799 838.84987096486566 1 0
173.08127076278342 759.65343509124318 2 1
732.90795000636547 313.02523457171912 1 0
338.18787300497235 583.78037763790951 2 1
733.20818080954496 318.93617540940312 1 0
794.13730119461582 664.12170789169568 2 1
724.59489870440018 322.9713266776152 1 0
790.02842508279878 666.97076687629726 3 2
802.68621749428542 661.94432913286062 2 1
864.67699510763612 993.19616009575941 1 0
563.84971214110033 481.50279511864085 2 1
863.42670486390909 999 1 0
44.744029031847546 558.70869756383524 2 1
944.82169683143422 991.62813139257537 1 0
741.48895696121815 629.828560745255 2 1
946.3954312071844 999 1 0
314.19393157955676 687.0633781319076 2 1
938.3954312071844 999 1 0
541.12560998096183 952.80328860324653 2 1
997.78568845320876 124.15015925672077 1 0
232.34328008445311 316.51515226649235 2 1
998.58242492540364 120.85567078993385 1 0
193.46086634596179 285.69372614018431 2 1
595.6048964188368 74.806374037181584 1 0
56.323112570658054 564.02635458562941 2 1
607.35368392508974 71.659256125505777 1 0
564.3972431427942 348.51782044585769 2 1
616.18332607357638 78.729440423302918 1 0
707.14726487767712 820.42279766391096 2 1
615.10159632901764 91.787257831032932 1 0
258.66705055972039 317.6252986732402 2 1
683.27423348113075 589.65189006406069 1 0
566.11965383354561 367.72953950541171 2 1
692.27260111271676 583.80282157505746 1 0
681.21907145364355 827.2091755765191 2 1
699.97130631590346 585.54328934199543 1 0
175.97547025649641 666.75568077591549 2 1
705.5834615083553 596.70053002295299 1 0
173.42876802470607 662.45285522256177 3 2
686.70169200864223 219.37563311552557 2 1
233.7942455068283 20.988516511179142 1 0
547.87110290141095 995.08052013717554 2 1
778.6957016755274 164.50973822986123 1 0
274.03310638456821 636.75356687859653 2 1
782.77891960734564 173.7867081445527 1 0
741.54193063936668 822.26877453113252 2 1
763.24246623142005 169.83696382881871 1 0
204.8082184777985 484.99428288650648 2 1
65.292402285160165 203.94807442666172 1 0
7.8954853591105874 151.4315353378706 2 1
55.14323936869981 207.98347191929491 1 0
151.4315353378706 7.8954853591106122 2 1
55.353788274646043 190.59644462436074 1 0
148.08877262225553 408.47435719204748 2 1
65.411501367262375 194.89275927241817 1 0
992.13413109584246 150.11982713129643 2 1
163.6532386649879 821.98271764617982 1 0
849.88017286870354 7.8658689041574714 2 1
172.1393838292631 818.2382543273884 1 0
7.8358628068612983 851.19333814279696 2 1
170.0053587644781 834.05716881672652 1 0
451.29644719142175 823.98340035141541 2 1
162.57712603653721 826.9613779919888 1 0
148.80666185720307 992.16413719313857 2 1
820.15513930187501 164.06900408405082 1 0
992.19454150928254 852.50798034336935 2 1
824.25392936862977 163.10959867792599 1 0
5.3841681234050949 346.85017625448501 2 1
830.72586272415515 170.1445404098987 1 0
983.06976785220888 629.32711543938956 2 1
153.39857392618222 419.41941128966937 1 0
811.4006018622207 662.76639181353312 2 1
147.15696897025191 413.29117669576897 1 0
551.15148241595909 983.25838955153597 2 1
74.295438047294013 201.41864848252706 1 0
862.78550848639668 637.0785070660678 2 1
74.351905902423638 197.68917682712794 1 0
628.10568134266066 566.26925108718308 2 1
608.70507742870097 996.76311096715938 1 0
337.6378125987406 409.19410049801314 2 1
616.1621583308023 999 1 0
30.975940446996091 369.27951547785381 2 1
609.23395510052671 999 1 0
341.27414399427812 411.99857862680938 2 1
875.8498407432794 2.214311546791238 1 0
420.09969034300832 382.41264823653688 2 1
879.14432921006551 1.4175750745965274 1 0
221.59574252817634 13.12446203026146 2 1
69.976390910226925 611.64420187725352 1 0
308.21497202772503 596.83218137839731 2 1
72.887760464908354 599.8745830509672 1 0
552.63903044838855 40.48796547761944 2 1
90.131850177931653 619.11352571922464 1 0
392.13990241786684 323.3200274549435 2 1
77.090489021302957 620.2976663878967 1 0
760.95694624778241 634.80175497884534 2 1
744.91624036893393 759.87536385505302 1 0
584.05267404154779 307.46294246689047 2 1
755.47424928880434 761.11502956500658 1 0
750.70722362970832 178.40094096854784 2 1
356.07752828553032 20.988516511179192 1 0
412.29223367638076 561.74452013459097 2 1
362.90458224620579 1 1 0
185.72928277030175 724.46604111215458 2 1
737.00412929867673 782.01973610544007 1 0
341.33471252396674 577.67145210251033 2 1
140.41282485640644 209.72403004449077 1 0
371.90861954316074 318.9077197108129 2 1
130.4367918510178 205.27782871034032 1 0
48.293596478849885 560.55276126641752 2 1
130.68731970006235 196.22519633456804 1 0
52.611270935795027 562.53563942917015 2 1
140.91197811558703 192.34289386124806 1 0
684.87401632121566 222.93366650232645 2 1
208.76873060779081 137.3228209973347 1 0
682.72793041799582 227.44967306742367 3 2
415.88270949995189 559.98143098189587 2 1
193.63547418180997 137.86024266625341 1 0
678.10793316909121 232.70853467618593 4 3
420.63298411177362 558.42101721872859 3 2
425.14881036479534 560.5674825113714 2 1
6.7922704164635634 334.05092370603722 1 0
10.594064256607723 341.94641830253863 1 0
1 344.24911997806714 1 0
1 335.30484806806794 1 0
121.54447586719964 202.38311542832901 1 0
121.64024667860335 198.6544460411653 1 0
931.55548236019229 3.7825515058506936 1 0
926.15015925672083 2.2143115467912793 1 0
931.97092168368681 1 1 0
922.85567078993381 1.4175750745963691 1 0
584.71513899278432 92.920175241636542 1 0
564.23715609656301 77.421729728478113 1 0
413.81818263463299 582.82487417205755 1 0
407.86020554824199 574.02085052019606 1 0
431.03305359442453 576.47682025769984 1 0
421.3252992385269 584.28915831818404 1 0
979.01326415680387 231.15641630306357 1 0
999 224.29182810240201 1 0
981.00092713092693 350.24354870633329 1 0
987.50675502573245 340.73736245979217 1 0
999 356.1073805787583 1 0
871.44010501317075 203.44446763991584 1 0
871.12290703345991 194.43248564230484 1 0
396.093083012867 51.831091855979452 1 0
392.55512212030135 61.43552669730515 1 0
384.95843691024965 61.654228319557532 1 0
380.88407319235239 52.234251176925206 1 0
993.125 617.97157132094617 1 0
999 620.01768902692436 1 0
999 629.81564799805699 1 0
257.07662132810992 6.7805236319870303 1 0
249.19147072713864 10.599476368012915 1 0
246.87476150577297 1 1 0
255.81903341577211 1 1 0
201.29637357213483 73.842458922736341 1 0
197.57295192326274 73.9132398910739 1 0
6.1111111111111107 259.50389648148115 1 0
1 258.55395231056224 1 0
2.2104897513041224 927.00739343304269 1 0
3.7863102486958979 932.41020656695741 1 0
1 932.82842712474621 1 0
1.4197530864198171 923.75444566317162 1 0
722.33730795993097 807.86057390569658 1 0
730.1386674192936 797.81391975914687 1 0
20.982691364815324 772.14092499792173 1 0
239.41077719117965 184.09859954961328 1 0
228.47477158650653 187.06733352465352 1 0
232.1688952144317 167.63817698169075 1 0
241.32504336838838 174.63590557178787 1 0
946.07368562716761 205.80102629157045 1 0
935.93003032096135 201.77318324346339 1 0
935.7800171702047 192.75686857846878 1 0
945.80752049676164 188.39958672685398 1 0
818.7479351695921 239.36918379988202 1 0
816.78247369002156 229.42369688902568 1 0
831.81418745950202 232.59328755802235 1 0
825.84720673098514 240.93983297685907 1 0
298.75314276695258 731.88193631247952 1 0
311.91818288146271 731.87888595513436 1 0
308.22183327557195 740.63923174343677 1 0
340.68030306522007 10.599476368012969 1 0
332.79515246424876 6.7805236319870943 1 0
334.05274037658643 1 1 0
342.99701228658563 1 1 0
880.21566562573958 200.50126743230072 1 0
880.09448038479172 196.79038423903521 1 0
201.71434098624519 117.92909457789492 1 0
199.38266157776832 118.00240477599498 1 0
2.2104897513041095 876.99260656695742 1 0
1.4197530864197718 880.2455543368286 1 0
227.19405334350509 979.01958651351458 1 0
220.21335804891837 999 1 0
823.48136888719227 673.15176857271467 1 0
836.12791987898424 662.99053338339843 1 0
830.01604393186506 672.7309839564316 1 0
794.3870852105332 53.489863642481055 1 0
811.79290348888526 53.810466565180597 1 0
792.98063961665571 135.41454458503256 1 0
797.10241828817448 126.02239144621427 1 0
804.81135108386525 126.34490482134771 1 0
808.12535902649199 136.0715667869863 1 0
660.09994612773744 12.777777777777658 1 0
656.95074616972909 1 1 0
993.23140495867767 254.30967260693137 1 0
989.39506172839504 246.43507196784381 1 0
999 244.10411955740517 1 0
999 253.04839146740431 1 0
927.01380306412375 199.28847339492944 1 0
926.94261642931997 195.57629446609133 1 0
123.00739343304271 997.78951024869593 1 0
119.75444566317154 998.58024691358014 1 0
979.02204477639646 775.43500226936885 1 0
999 782.45561729156759 1 0
577.46492894125936 398.30251218904147 1 0
568.38437305870912 402.43761320587748 1 0
573.05629684984058 383.20173285926921 1 0
579.33246540681819 392.57659688982136 1 0
52.707913311810259 796.38670506797428 1 0
53.030962289197895 813.80257573282279 1 0
124.82530994013915 799.10912151326431 1 0
134.20468965349727 794.96673505529088 1 0
134.87002543767312 810.1218131207122 1 0
125.15064160426576 806.79578443957053 1 0
758.08759967099536 12.777777777777784 1 0
989.39506172839504 337.4353726116808 1 0
993.23140495867779 329.56077197259327 1 0
999 330.82205311212033 1 0
495.60054298552393 497.31560937363781 1 0
495.80422334555766 499.44365469562626 1 0
67.589793433042701 996.21368975130417 1 0
72.992606566957377 997.78951024869593 1 0
67.171572875253815 999 1 0
76.24555433682869 998.58024691358025 1 0
979.03384648023234 413.96809455164441 1 0
550.65566424942165 428.95304440562273 1 0
561.82469811014676 413.68003534905819 1 0
203.42059146280968 947.73166436940733 1 0
186.00042387182441 947.35333944021363 1 0
548.920451532215 430.01812799333055 1 0
765.0596243190472 987.20227807619528 1 0
6.7441735908847749 749.24908812485091 1 0
10.616013464062576 757.10194584903377 1 0
1 759.46211760654649 1 0
1 750.5178456965474 1 0
1 677.72810828599074 1 0
997.7933884297521 878.1361002655226 1 0
998.57803506289326 881.34730470550267 1 0
405.36401788531515 979.03733401641534 1 0
331.41360018270336 429.48609404116564 1 0
323.626450110907 423.66083913943658 1 0
50.707149096718446 381.73538624630152 1 0
948.96135957675529 392.09115717276876 1 0
939.36678552056912 388.53761022482365 1 0
939.14688337663597 380.96490342148212 1 0
948.55483784429146 376.87099670811949 1 0
562.89748319249486 992.94868391929197 1 0
560.87586050061702 999 1 0
551.07790152948439 999 1 0
323.78710671438699 993.26832912318457 1 0
331.6287582965366 989.37837226570446 1 0
325.05964794565205 999 1 0
294.8243315768031 502.67149776888846 1 0
295.97750557358893 510.432308920639 1 0
292.87073342333753 511.97869931015731 1 0
287.37568072691283 506.36778134616378 1 0
996.20987654320993 933.26415230598036 1 0
997.7933884297521 927.86389973447729 1 0
999 933.68520367911447 1 0
998.57803506289315 924.65269529449756 1 0
403.42898715185646 668.42018263310842 1 0
408.84815125792903 679.07241388452542 1 0
402.59301589026103 687.88592508871727 1 0
390.70592081690381 686.24898235521516 1 0
676.24095074091042 423.34051534495359 1 0
683.89047825118701 417.50018243307665 1 0
151.3585983463131 563.32082330667959 1 0
136.11107176608317 554.66057909259098 1 0
503.95532990422089 990.49573355519419 1 0
512.62652377837946 985.07231937486267 1 0
516.84476971833976 999 1 0
506.26176447408136 999 1 0
160.39337104911658 376.36164261110849 1 0
155.2383587906877 372.76944467272193 1 0
242.11189347396038 989.37837226570434 1 0
249.95354505610999 993.26832912318446 1 0
248.68100382484508 999 1 0
239.73673191484593 999 1 0
876.3359752060868 800.67533105361622 1 0
883.766202081291 803.26766648827822 1 0
883.59228220212276 806.94095310759133 1 0
875.9385860182656 808.81040464409466 1 0
801.45781511890198 75.539080640818952 1 0
799.93983758687693 68.854761736677176 1 0
805.61058782326324 68.985669346516616 1 0
803.77751517891261 75.595119201042237 1 0
927.8638997344774 997.7933884297521 1 0
933.26415230598047 996.20987654320982 1 0
933.68520367911447 999 1 0
924.65269529449733 998.57803506289326 1 0
427.89383838974175 328.42880886060857 1 0
423.04098942514923 339.32150952288913 1 0
409.43151204859106 322.15338835449154 1 0
421.24235145523448 319.95447747452027 1 0
460.76458551532329 490.1038617901761 1 0
468.98389403009975 496.76427889405574 1 0
469.0754031979057 503.01255043815314 1 0
460.83976785002596 509.94155073477833 1 0
559.58740192375171 149.62405327114899 1 0
550.9259274747435 134.36466927344043 1 0
909.89648401314037 558.66052778723827 1 0
920.1272873445555 558.54132030091694 1 0
458.6515927622923 509.98875189862338 1 0
989.37270624398457 760.63919048171897 1 0
993.28103336820379 752.80897741259867 1 0
999 754.0853328874241 1 0
999 763.02960479742319 1 0
991.58902400899433 675.82931062889145 1 0
999 674.18373004921023 1 0
999 682.18373004921023 1 0
798.2540635095055 122.77318555874609 1 0
800.18664213412137 116.19674922440228 1 0
802.50531222938719 116.2857305593228 1 0
803.92191579149232 122.996782417772 1 0
878.13610026552271 997.7933884297521 1 0
881.34730470550244 998.57803506289315 1 0
645.02782648667517 834.24717682037806 1 0
647.19253784703551 823.97409320597342 1 0
653.20224553878575 820.36145623188543 1 0
664.27619387162497 824.38166011378985 1 0
195.7403163939357 693.72871219869671 1 0
204.5382086701768 699.52501200940867 1 0
205.01067529302867 706.69807135294786 1 0
196.12752168126931 713.70275281565773 1 0
347.20832980379299 310.45248731890126 1 0
352.13578882219844 307.71237909135527 1 0
360.87240092193065 313.01409128919181 1 0
568.94684367602781 6.6201592062351358 1 0
557.07538955379755 1 1 0
566.87334852493018 1 1 0
117.19585098238312 390.6150609152092 1 0
125.65198647154955 388.31587760037735 1 0
803.15332989100898 884.40616609875872 1 0
800.50208693707577 876.9982786892042 1 0
808.63937988547002 876.54110033275447 1 0
806.81888097100261 884.2065877943935 1 0
673.19185247130076 6.1262288744361229 1 0
672.22308510724838 1 1 0
81.02350350511233 200.12231515457304 1 0
172.09072311964346 228.00542420882178 1 0
176.1367523184872 241.30480239898452 1 0
169.91135010250508 233.14109026017718 1 0
614.60055210570522 6.6201592062351367 1 0
616.67404725680285 1 1 0
626.47200622793548 1 1 0
10.638782876414087 435.78243323016608 1 0
6.6929317726784063 443.58904265621777 1 0
1 442.30496614006472 1 0
1 433.36069423006552 1 0
803.11595119102708 937.71438443795023 1 0
805.12073701160909 930.10605223654045 1 0
