100 100 100 0
950 50 50 1
25 975 25 2
10 10 10 3
995 5 5 4
900 900 100 0
50 241.42135623730951 50 1
200 25 25 2
990 990 10 3
995 18.377223398316207 5 4
900 191.42135623730951 100 0
850 50 50 1
25 925 25 2
10 163.24555320336759 10 3
5 144.72135954999578 5 4
900 700 100 0
95.710678118654755 950 50 1
975 800 25 2
10 36.754446796632415 10 3
5 55.278640450004204 5 4
700 900 100 0
50 854.28932188134524 50 1
800 975 25 2
36.754446796632415 10 10 3
55.278640450004204 5 5 4
196.10122934081684 275.39827171093714 100 0
50 341.42135623730951 50 1
825 800 25 2
163.24555320336759 10 10 3
144.72135954999578 5 5 4
300 100 100 0
762.13348181161689 759.10011135871275 50 1
975 291.42135623730951 25 2
990 94.721359549995796 10 3
867.98437881283576 800 5 4
708.57864376269049 100 100 0
950 558.57864376269049 50 1
166.42135623730951 975 25 2
905.27864045000422 10 10 3
981.62277660168377 5 5 4
500 900 100 0
50 754.28932188134524 50 1
600 975 25 2
990 836.75444679663246 10 3
5 952.63932022500205 5 4
100 482.84271247461902 100 0
50 654.28932188134524 50 1
25 582.84271247461902 25 2
990 963.24555320336754 10 3
47.360679774997898 995 5 4
718.7178209543755 615.52058498977328 100 0
600 788.19660112501049 50 1
877.31663753189798 577.07536834653229 25 2
963.24555320336754 990 10 3
995 855.27864045000422 5 4
900 391.42135623730951 100 0
788.19660112501049 291.42135623730951 50 1
690.3818654148447 737.26652382824841 25 2
836.75444679663246 990 10 3
995 944.72135954999578 5 4
508.57864376269049 100 100 0
183.40981397412332 901.94938532959156 50 1
608.57864376269049 25 25 2
29.999999999999989 184.85281374238571 10 3
944.72135954999578 995 5 4
191.42135623730951 704.28932188134524 100 0
358.57864376269049 950 50 1
216.42135623730951 975 25 2
101.11111111111113 209.99438818457406 10 3
855.27864045000422 995 5 4
477.77777777777777 701.23840200001871 100 0
358.57864376269049 850 50 1
105.90169943749474 804.28932188134524 25 2
10 286.14271578730529 10 3
5 309.79857963562574 5 4
701.23840200001871 413.64357845953174 100 0
608.57864376269049 211.80339887498948 50 1
881.84257640661008 527.28063090066985 25 2
10 196.69999668731373 10 3
194.63764683262269 54.516862443496905 5 4
486.35642154046826 298.76159799998129 100 0
777.67912984835266 217.16246587430533 25 2
231.6227766016838 10 10 3
177.63932022500211 5 5 4
644.93427331235068 716.42146752980386 25 2
970 106.5685424949238 10 3
909.1432694985333 86.820206038675494 5 4
408.57864376269049 25 25 2
990 128.17580303394192 10 3
995 146.69999668731373 5 4
110.07069554799676 609.38373719102105 25 2
990 254.6669094406771 10 3
995 236.14271578730529 5 4
287.86796564403573 975 25 2
805.27864045000422 10 10 3
900 27.087121525220802 5 4
302.67694432519573 900 25 2
990 636.75444679663246 10 3
900 72.912878474779205 5 4
124.90606761523136 850.53685143877169 25 2
990 763.24555320336754 10 3
881.62277660168377 5 5 4
713.22891463410122 289.21999706608403 25 2
800 854.17424305044165 10 3
5 902.63932022500205 5 4
808.95253433334267 477.06806659841368 25 2
763.24555320336754 990 10 3
22.761704997211098 171.12837538607329 5 4
682.83753412569467 222.32087015164734 25 2
636.75444679663246 990 10 3
5 177.38768882709854 5 4
836.45609936636095 548.25842158212481 25 2
10 809.56796233134946 10 3
932.01562118716424 800 5 4
610.78000293391597 286.77108536589878 25 2
86.911384297959287 288.72410149811191 10 3
995 655.27864045000422 5 4
422.93193340158632 191.04746566665733 25 2
188.23940751439841 165.6795779638384 10 3
995 744.72135954999578 5 4
733.34171018621566 240.27508618667022 25 2
10 386.14271578730529 10 3
53.284271247461909 985 5 4
611.29204883258058 679.43227002495439 25 2
812.88489846928144 832.83632614803889 10 3
127.33345472033855 995 5 4
283.67257614745915 853.75247044257355 25 2
200 145.82575694955841 10 3
64.087901516970959 995 5 4
663.50578780199896 294.47458154429631 25 2
791.84882266166471 811.22494726411855 10 3
945.48313755650304 805.36235316737736 5 4
385.79074648417418 224.5218175553176 25 2
790.16658897755804 706.05159674592778 10 3
995 777.63932022500205 5 4
594.83794789229773 632.21720291447593 25 2
990 323.04413283899328 10 3
995 822.36067977499795 5 4
579.88706916307774 558.7225008930094 50 1
297.95979357649202 805.83717624400333 25 2
793.4314575050762 30 10 3
22.761704997211105 28.871624613926713 5 4
364.7400675757691 269.87453431512404 25 2
818.57303194726455 101.11111111111111 10 3
800 932.01562118716424 5 4
342.58173418219621 341.52652843405468 50 1
249.32032285620861 817.42173010035413 25 2
645.33309055932295 10 10 3
744.72135954999578 995 5 4
401.0568290013988 479.65930255332466 100 0
268.75431411193415 408.97659919583424 50 1
339.1887221993909 777.54980371476495 25 2
771.82419696605803 10 10 3
655.27864045000422 995 5 4
544.83151635967079 436.89437211925127 50 1
335.98880218533895 228.96775323363275 25 2
970 615.14718625761429 10 3
50.555555555555564 909.28651597363228 5 4
253.72801177032306 507.8412047831651 50 1
522.67318296609801 508.54636623818192 25 2
990 513.85728421269471 10 3
14.999999999999995 896.7157287525381 5 4
304.18118375363451 594.18052049056689 50 1
501.62250405769288 553.89908299798833 25 2
990 603.30000331268627 10 3
5 885.91209848302901 5 4
230.68945299883737 579.21504319565906 25 2
600 854.17424305044165 10 3
805.36235316737736 945.48313755650304 5 4
378.70210310437244 602.6441236901984 25 2
563.24555320336754 990 10 3
822.36067977499795 995 5 4
356.82219105689148 647.60265401309152 25 2
436.75444679663241 990 10 3
777.63932022500205 995 5 4
311.54627576351851 668.81801388152917 25 2
10 709.56796233134946 10 3
103.02227389812938 226.80497944031404 5 4
352.55727400670088 697.42042677096379 25 2
30 397.98989873223331 10 3
119.97319155050515 203.08283862645044 5 4
101.11111111111111 372.84832429004496 10 3
27.087121525220802 291.42135623730951 5 4
10 546.08826567798656 10 3
821.88313755650313 770.16235316737732 5 4
10 419.59715927125143 10 3
854.51686244349696 794.63764683262264 5 4
59.915101530718516 585.27903862265794 10 3
854.51686244349696 805.36235316737736 5 4
828.71557617468534 616.22332711373099 10 3
205.36235316737731 54.516862443496912 5 4
540.77975413183663 797.83830633281889 10 3
200 67.984378812835757 5 4
659.22024586816337 797.83830633281889 10 3
945.48313755650304 286.0590030699322 5 4
851.85865668747488 601.09392807281449 10 3
995 269.06067646231162 5 4
854.17424305044165 291.42135623730951 10 3
995 108.86349517372675 5 4
797.83830633281889 350.64160210547288 10 3
663.85728421269471 5 5 4
703.10813792286569 769.87084851151076 10 3
753.30000331268627 5 5 4
608.57864376269049 145.82575694955841 10 3
909.1432694985333 595.39884980136594 5 4
445.3330905593229 10 10 3
138.13708498984761 985 5 4
571.82419696605803 10 10 3
150.70787221094179 949.44444444444446 5 4
123.6236600656199 896.88817985769651 10 3
188.7820360123074 995 5 4
415.14718625761429 970 10 3
144.06067646231162 995 5 4
403.30000331268627 990 10 3
600 932.01562118716424 5 4
248.04413283899331 990 10 3
544.72135954999578 995 5 4
583.83796900857146 730.41434819011613 10 3
455.27864045000422 995 5 4
443.34688548462395 805.71095177218251 10 3
72.912878474779205 804.28932188134524 5 4
415.14718625761429 830 10 3
27.087121525220802 804.28932188134524 5 4
549.35839789452712 202.16169366718111 10 3
5 785.91209848302901 5 4
913.00316659154953 511.34270069231917 10 3
605.36235316737736 945.48313755650304 5 4
790.21885404513 184.48594040006378 10 3
622.36067977499795 995 5 4
657.44611904544217 749.10867781687671 10 3
577.63932022500205 995 5 4
406.14231761465163 59.915101530718516 10 3
5 527.5640720246148 5 4
376.95586716100672 10 10 3
5 438.12135292462324 5 4
144.75314057102406 604.67969560694814 10 3
72.912878474779205 704.28932188134524 5 4
76.259119602279824 600.34065519056253 10 3
27.087121525220802 704.28932188134524 5 4
299.13303793249673 941.86243602290983 10 3
5 685.91209848302901 5 4
138.06045338235862 818.10288567617033 10 3
5 622.66654527966148 5 4
104.64181092565244 879.0738432357158 10 3
5 605.20339224961697 5 4
790.04965262941414 836.82516275191642 10 3
5 560.48203269962107 5 4
777.66565343748084 492.75663198241722 10 3
977.23829500278896 971.12837538607323 5 4
842.9316600138086 485.45967061618632 10 3
773.26724267263728 705.23881385215793 5 4
657.53033068855473 246.49824499241976 10 3
723.02073950926319 720.43238076083992 5 4
715.51405959993622 209.78114595487003 10 3
795.83560573178443 686.77960035642877 5 4
848.87236126639027 515.5347842471665 10 3
587.34090762406549 841.71993603808892 5 4
842.76900534558047 582.68438878854522 10 3
612.65909237593451 841.71993603808892 5 4
594.68719978207002 317.85197477910475 10 3
945.48313755650304 296.78370940468682 5 4
637.61958272091385 264.30695936782411 10 3
932.01562118716424 291.42135623730951 5 4
414.54032938381368 157.06833998619138 10 3
841.71993603808892 304.08044861324396 5 4
208.23560408848368 166.06960689935542 10 3
806.72434548692536 239.6360041687995 5 4
744.18759474048818 206.99796509371217 10 3
841.71993603808892 278.76226386137506 5 4
609.99222909608375 714.40812553490025 10 3
675.50387621898426 711.21569970524115 5 4
270.51819038033182 886.18643620517491 10 3
608.57864376269049 67.984378812835757 5 4
685.79314106165634 267.48803147432182 10 3
463.85728421269471 5 5 4
641.21843454234158 321.4611316142707 10 3
553.30000331268627 5 5 4
387.96232362336264 189.58925033318872 10 3
190.07272886771071 956.54430785102033 5 4
563.58312342760735 616.46487141461887 10 3
613.94099693006785 54.516862443496912 5 4
637.35879120418394 541.48877913507704 10 3
586.21796398769254 5 5 4
332.07843881420479 282.45300825442825 10 3
630.93932353768844 5 5 4
398.06341373611349 364.36910346132424 10 3
86.820206038675494 695.14605238281194 5 4
267.96480904718021 787.8010762474313 10 3
104.3180013142573 645.65481360210072 5 4
248.69809433863679 852.41619868714542 10 3
104.31800131425729 762.92383016058977 5 4
485.15549647890629 408.75504225461179 10 3
86.820206038675508 713.43259137987843 5 4
283.2973664670908 350.76577865364317 10 3
395.398849801366 909.14326949853319 5 4
304.71633211581025 771.49552242583809 10 3
326.95586716100672 995 5 4
371.34312726263357 791.37348755912831 10 3
545.40151629239347 781.5629311882243 5 4
561.36801887239733 379.21817178803502 10 3
520.70626902950312 797.0619097569911 5 4
358.71171956653524 202.34691504834399 10 3
381.49152223746967 900 5 4
228.45148276316357 453.42524130414341 10 3
335.66576528791131 900 5 4
555.33481172766233 495.9678922988777 10 3
395.398849801366 890.8567305014667 5 4
973.07915938297447 503.1949602252509 10 3
101.08084683359056 774.67919894726356 5 4
468.87896170139101 566.26275696493951 10 3
11.469589446508673 302.17333128598995 5 4
211.18664778344615 550.15234220744208 10 3
738.79054273680208 315.58830462846834 5 4
411.02002699842888 589.20716736899317 10 3
781.5629311882243 346.01983994491604 5 4
318.03951148680585 703.21042423384131 10 3
797.0619097569911 370.71508720780645 5 4
121.00891344238893 374.86759702679831 10 3
804.17649224302761 434.3498474890348 5 4
108.60074106832192 354.30363655732617 10 3
595.9195513867561 158.28006396191108 5 4
827.02467367960617 596.29493408388191 10 3
621.23773613862488 158.28006396191108 5 4
659.09918205629435 777.83867274733893 10 3
660.36399583120044 193.27565451307467 5 4
678.39222994784586 792.14313061574035 10 3
553.98016005508396 218.43706881177576 5 4
683.17597432508705 771.51670825990584 10 3
584.41169537153155 261.20945726319792 5 4
709.92735371217123 788.67239887361882 10 3
465.65015251096514 195.82350775697239 5 4
251.09535780096252 970.23411964441107 10 3
529.28491279219361 202.9380902430089 5 4
587.36765968735949 710.72827992567898 10 3
245.76491222541475 5 5 4
424.99963671251237 797.74989264074475 10 3
641.45631948901587 686.62375222807725 5 4
405.43106747111892 812.5186660770205 10 3
976.87484822621184 119.90032639155788 5 4
930.58363554947834 501.80712985364875 10 3
899.15109033009537 86.424787948758578 5 4
163.56036372423426 597.87614085480902 10 3
430.93932353768838 5 5 4
279.14743127441608 941.10380138852906 10 3
316.15223689149764 985 5 4
153.67391339386705 830.60168027681186 10 3
310.22864541903363 995 5 4
791.36490713511103 507.32819497778479 10 3
265.50728586903784 995 5 4
762.07776365914333 505.28730204663964 10 3
791.13650482627327 5 5 4
832.78873410091626 502.69687032859832 10 3
977.23829500278885 628.87162461392677 5 4
860.90201474253013 494.23841488424159 10 3
995 622.61231117290151 5 4
614.33475495684047 321.59009939638958 10 3
889.24802495131962 11.469589446508673 5 4
589.44000344974643 337.15137711829777 10 3
690.81655978726144 309.16207193855746 5 4
397.30312967140168 167.21126589908377 10 3
737.10565123049105 271.05680765710031 5 4
405.76158511575841 139.09798525746979 10 3
800.34373352779107 448.32978988093578 5 4
254.90473036882344 873.68764160453327 10 3
811.00203237367282 447.13815584374083 5 4
268.20417445538908 906.05211843104155 10 3
94.447171138522336 301.69375518252446 5 4
545.51064980895899 607.89832617728666 10 3
451.67021011906422 199.65626647220898 5 4
628.50169148636314 523.556914073445 10 3
416.51907650899483 220.35403944243575 5 4
652.10816030400861 527.98114754559629 10 3
452.86184415625917 188.99796762632712 5 4
313.24619642069234 289.18700011899074 10 3
5 400.28485141103624 5 4
282.73867076004387 774.3202376203584 10 3
619.77060299350501 650.65529799278477 5 4
229.63641476684128 846.36207844534363 10 3
803.61698127848456 821.04201773488751 5 4
313.65985323564678 753.60660323045238 10 3
776.87367750729413 812.08809708050762 5 4
373.66339503405408 771.50853456474874 10 3
945.36051273873284 795.36310503793948 5 4
389.90282956847443 798.82583284893906 10 3
391.37670244057205 253.99718177788799 5 4
579.40582444088534 387.85747559525356 10 3
587.40553215674845 661.28194437787033 5 4
574.69605209444671 364.30631306982195 10 3
613.91644137173341 609.06528967701047 5 4
211.97077985155423 464.75601495554389 10 3
995 337.18626846272423 5 4
216.08154489569537 437.70949642345204 10 3
780.09967360844212 23.125151773788161 5 4
574.16705412117471 489.23390043431516 10 3
381.43108342813264 294.8026307088752 5 4
953.59396772339619 498.68637885307811 10 3
812.52497940577825 114.8377662191635 5 4
480.99529892897027 582.17483954980491 10 3
833.51133260811582 102.47021867345146 5 4
452.07705354465998 577.11153027314242 10 3
337.25351915562311 396.26783025115253 5 4
198.45579760977856 565.5771745843474 10 3
385.5938992033665 375.8041254938197 5 4
199.64360885406629 533.81960660452421 10 3
414.74886335789643 375.55585306590137 5 4
413.10182254509158 609.09852547501237 10 3
323.75303919394656 408.60211374455429 5 4
430.69066395255004 585.59246934299415 10 3
299.01720973646565 454.90216014416359 5 4
326.84571628594267 721.16733814006864 10 3
321.12277689186431 392.16755085670832 5 4
140.21220623838116 380.45629506761185 10 3
505.9870370768823 475.8315834889554 5 4
242.82445980337155 952.02444511921851 10 3
491.02119712268404 425.51678258483889 5 4
408.39711987644262 786.59837100878713 10 3
501.8193513385005 402.61677505948626 5 4
148.26470089623834 584.99038520555564 10 3
336.79719045770253 258.95685972917715 5 4
183.28861142333125 594.59037721098525 10 3
283.89388987392351 461.85186038428594 5 4
156.69145702895219 810.83062996555225 10 3
296.26941909894981 472.98107479918679 5 4
810.8070595097148 512.01889972682716 10 3
306.13184221283399 524.53966444124626 5 4
251.88718673373819 893.45869191579277 10 3
496.55524222288744 523.3062162148633 5 4
531.25777834076825 593.86780035281265 10 3
995 499.71514858896376 5 4
614.2429670659551 509.53233643620899 10 3
259.17177527798589 562.5711366200735 5 4
316.83050959385974 269.51080386370148 10 3
298.73742024597169 539.45058865365854 5 4
233.9242326257731 865.89703731421832 10 3
315.35798118281929 540.32813707788057 5 4
217.00213375483915 830.8580485398719 10 3
355.4353577063423 574.23034123258594 5 4
293.69583420627742 754.80574633908418 10 3
527.18963798344953 538.20444497022788 5 4
330.93933156813449 743.53587194831164 10 3
249.79099039671286 602.34794766175594 5 4
364.72662677782938 753.61624088466021 10 3
795.36310503793948 945.36051273873284 5 4
209.56413694114258 418.80120740635869 10 3
382.67320470131716 632.38013472239209 5 4
589.73979231896453 476.68440542363447 10 3
428.87162461392671 977.23829500278885 5 4
967.24110955651622 484.06599856436111 10 3
422.61231117290146 995 5 4
499.8470500761324 588.85402203611795 10 3
290.48987284221568 647.44916047251934 5 4
306.89147027001138 719.81527825393584 10 3
371.21241854470122 673.92605335377482 5 4
158.08616990252605 389.42966806402893 10 3
23.125151773788161 411.32168262886739 5 4
394.08817850818559 772.62503221951476 10 3
51.187582267516362 597.47864548150528 5 4
167.07192404944854 578.18683045341652 10 3
74.907462227445535 584.80037304082134 5 4
172.30491704046062 823.32942456619378 10 3
985 108.86349517372675 5 4
797.02371384808987 526.51094521296079 10 3
131.40003113966242 884.06133094930146 5 4
990 485.57301296523281 10 3
108.62774030849806 896.53833612406254 5 4
633.51796978735263 504.19620768119211 10 3
598.57417846424403 733.21508574985762 5 4
596.16692065633845 500.97333262750641 10 3
434.57234852140516 817.87678512140724 5 4
209.6234153389 398.80129525476264 10 3
11.469589446508685 793.53734683266487 5 4
600.32272207683275 459.71379560135563 10 3
900.18943485753948 503.54473435173878 5 4
174.0399296029511 401.49107558641595 10 3
595.36310503793948 945.36051273873284 5 4
169.28737340537555 843.10047487745339 10 3
775.47451886154204 187.24358069459259 5 4
777.58156147348609 521.82024046391837 10 3
796.98545105008645 171.09888826105592 5 4
990 465.57301296523281 10 3
642.70414156303787 746.33846123540047 5 4
619.25924536694458 490.1716300439561 10 3
669.16310069058852 758.47416451684603 5 4
187.5460883247662 416.24179341915675 10 3
393.94271075580428 51.187582267516383 5 4
187.91837705196912 835.82821916683531 10 3
406.62098319648817 74.907462227445578 5 4
190.93592068705419 816.0571688555757 10 3
378.5787729838342 24.911947447943639 5 4
362.81373153727577 5 5 4
135.24997017794075 593.0741041752276 5 4
87.150852337706908 590.02706425335612 5 4
61.259549200967122 600.4541795318446 5 4
11.469589446508685 693.53734683266487 5 4
135.88409109379879 803.26161055612306 5 4
11.469589446508673 615.04129693002562 5 4
119.60899565699806 880.065499031733 5 4
93.019965285937033 888.55712873846369 5 4
777.29414365262005 828.93231847732659 5 4
672.03803001713072 250.30963059238692 5 4
728.90111173894411 203.0145489499136 5 4
834.1385428721768 518.34807334115203 5 4
828.78385455600312 577.26077768589573 5 4
221.28666077940548 173.46351785705198 5 4
755.41688053249959 197.0529592816811 5 4
617.10134603237884 727.6164735158585 5 4
670.93781515689 265.40974076723114 5 4
699.88593143063247 262.35059440744737 5 4
636.3696754072173 307.26643067168129 5 4
632.88879622303466 333.93579094707547 5 4
374.72191325542053 196.63847250932213 5 4
564.84877234208204 631.41138046607603 5 4
603.94174880062997 54.639487261267156 5 4
268.64506512343183 353.97670769904573 5 4
287.81537352789843 336.46236604690864 5 4
343.89212524825399 200.02751334929187 5 4
552.59466205163665 510.71548802675744 5 4
111.08066362633051 774.73973085319801 5 4
304.02612918846177 697.86017970106923 5 4
104.97455495866971 339.74854211248777 5 4
818.79685570428069 583.75288435646848 5 4
650.21293159672825 765.75419705453942 5 4
693.07141108827022 795.22884626151983 5 4
694.0621196936869 781.83619657152826 5 4
722.35079583855304 797.07823528247434 5 4
596.60766106021106 722.54447113222693 5 4
582.6700306970024 696.48284971564476 5 4
420.06148961165536 815.82785751749373 5 4
916.462854920631 496.74713435642053 5 4
289.56432425659671 930.31082494095926 5 4
268.73053829223556 951.89677783609898 5 4
259.16182461633542 940.34516675414852 10 3
154.49360480866076 845.57926706455953 5 4
747.32320388092376 507.98970204496436 5 4
791.13650482627327 14.999999999999996 5 4
875.88907922732687 493.61560020189825 5 4
626.24820773237923 312.47584446441584 5 4
579.09080420042415 348.00928091681374 5 4
406.38439979810175 124.11092077267298 5 4
278.15242046202951 917.27853377127212 5 4
97.409678044828709 311.24485736133545 5 4
549.75804224753267 622.28441867917013 5 4
666.6582767948388 524.33503864660963 5 4
304.78417929140346 301.57224400450309 5 4
14.999999999999996 400.28485141103624 5 4
767.0357519398982 813.88120068330875 5 4
384.78896608050832 784.72447120452875 5 4
586.54612629167025 401.04899140958202 5 4
578.26570362135647 657.22441627031094 5 4
582.76707338221763 670.1411034912951 5 4
206.96147491128818 478.89485734151828 5 4
568.51534881669158 503.12843990675822 5 4
822.49673411269771 115.5888374974252 5 4
810.64204994728448 124.65889531180537 5 4
196.19847926253735 550.74799679597334 5 4
200.71311595701974 580.40635237272147 5 4
199.83508219552076 518.82082872232616 5 4
403.02311309596035 620.20796361742055 5 4
341.28703872561999 725.22297695451857 5 4
354.47611280073278 732.36778801158562 10 3
133.7347370216298 366.92697902628743 5 4
257.13942632378621 956.50570984241972 5 4
228.5094932829569 947.54318039601731 5 4
234.55356180578062 933.81477059402596 10 3
326.89572740637612 257.55649211914829 5 4
197.47480736423492 599.4639636446384 5 4
242.3436054306446 881.88630858688236 5 4
530.54091169896606 608.85066063441013 5 4
528.79018668530068 579.07215939265598 5 4
304.03902491591265 277.34521001438355 5 4
220.85994970419065 858.52652093170821 5 4
214.65225806238411 845.67284129002564 5 4
219.35200944729425 816.04325578971816 5 4
303.00750234454932 743.045948871326 5 4
316.66988246939059 738.91171554758773 5 4
345.2087806668784 748.16002834903554 5 4
241.1266767392614 607.34090959284458 5 4
252.16883957565068 612.06112599236553 5 4
379.19710714145867 757.56658239468436 5 4
202.25278602331065 431.89869372077482 5 4
386.24023942237966 641.72231130489865 5 4
392.22595537357512 629.42294778314135 5 4
952.2444975943389 483.74720449936024 5 4
486.68739798417084 596.05288005795251 5 4
513.00670216809397 581.65516401428351 5 4
284.63634846889573 655.55695008565988 5 4
281.07107278265664 644.08966565364381 5 4
154.165456072316 374.95113212072306 5 4
389.63653011646932 758.30082799741115 5 4
171.48522562566686 808.35183777844611 5 4
812.01668638890578 526.97004693408655 5 4
641.83279453323098 516.68074569608598 5 4
608.55299079269901 733.86570431205507 5 4
581.42502939857764 503.74400802248755 5 4
218.47229084257594 386.68942494830526 5 4
604.51811649345893 474.11513809741973 5 4
599.2674790466009 444.75095956846576 5 4
891.36886173766152 498.83331313973861 5 4
172.80558153383473 386.54194902851066 5 4
187.79929273605816 386.97625811697134 10 3
765.76352437499941 189.6303328983916 5 4
787.06747362890474 169.82071617838099 5 4
799.38591469431719 161.39127401796168 5 4
995 451.43087734150185 5 4
632.99518656951091 743.94342617643633 5 4
191.19074430164949 430.79227392016321 5 4
404.69632173521029 84.720498366147638 5 4
200.47950199014784 827.62955218448599 5 4
362.81373153727577 14.999999999999996 5 4
352.81373153727577 5 5 4
128.49061657880443 585.70449503214252 5 4
133.88062365767024 793.46436001158906 5 4
86.104180467368153 895.78014198386563 5 4
681.83709912302197 252.30418434146677 5 4
824.43662898108209 520.77147319461903 5 4
819.6778541228133 573.12789054604457 5 4
622.32709469158715 736.1424075380512 5 4
660.97215158605138 264.58176154475063 5 4
693.52511882605461 254.63437363498088 5 4
709.45840437819868 259.45788604535613 5 4
625.61616560876894 340.79937921768453 5 4
612.68073264724489 348.39375701299605 10 3
373.23351306799918 186.74985961963512 5 4
602.33001674251329 365.50698815908692 10 3
566.2499871006637 641.31272366790142 5 4
289.63754675336094 326.62978323584582 5 4
103.7629960235915 329.82220719234573 5 4
581.74193292287555 686.5260111349678 5 4
269.57871759851588 929.55219030657861 5 4
738.1390506563431 511.94587817191132 5 4
588.2152461717418 352.10129248962932 5 4
404.55419255586321 114.2798302202237 5 4
661.13319461694937 515.99996414618863 5 4
675.56886047174726 519.7961512788936 5 4
298.17459743801396 309.07647132804175 5 4
593.25077946833244 393.62958268781227 5 4
592.34698351495831 409.19454574768736 5 4
570.96723556051347 650.38830890099212 5 4
807.83337530797814 134.25636095490705 5 4
187.37938362985292 555.4621830695063 5 4
190.89076772556146 578.52979296253261 5 4
202.77001691144517 590.19252417091116 5 4
366.80366741730063 723.82194708306747 5 4
125.91578526182231 360.69287978278771 5 4
218.81366703779119 945.09553797451122 5 4
318.00460599715666 252.97959796628439 5 4
305.07390241172891 245.37717040754987 10 3
207.41939608758346 600.51522722883067 5 4
301.13529692039231 225.76882048248956 10 3
521.28289796897707 605.0705572263887 5 4
301.9573444303748 267.5642792633696 5 4
205.86277229136786 840.90367575703112 5 4
209.5181344796313 817.85844259012526 5 4
221.46998041449368 806.27011919074948 5 4
293.54674717174919 739.80648725551157 5 4
256.26610509105075 621.18320992622148 5 4
378.46438996708838 747.59346224387991 5 4
201.67352533255155 441.88190247608696 5 4
943.15452074226982 487.91521611508875 5 4
514.60710065791443 591.52626955894164 5 4
164.13705554317579 375.70426158685024 5 4
808.39635121071342 536.29169771050715 5 4
647.83207924775809 508.68020928194221 5 4
208.89308684038306 383.81908512794041 5 4
223.33883274072065 377.95347795020587 5 4
602.84893009828011 483.9748448262302 5 4
802.6989777517515 151.95604147300213 5 4
995 441.43087734150185 5 4
812.4361031611287 566.2317290768691 5 4
378.2912509051838 178.12319815819416 5 4
601.6099916770138 380.48969698977083 5 4
260.48004197113056 925.40320225795472 5 4
187.7063263751437 545.46752907643076 5 4
183.48313865491323 564.67192112741316 5 4
369.43560823272713 733.46937614702495 5 4
310.12739501448345 213.76289811616374 5 4
206.12729667044957 850.90017648743026 5 4
207.49782889207859 450.01070854133917 5 4
509.64747666694279 600.20970953790038 5 4
799.72151053802168 541.26634737690711 5 4
807.86324066669226 557.33853344161082 5 4
592.35277501181804 376.70764204389531 5 4
250.79549196383627 927.89508731875026 5 4
177.45539402203542 556.69280497079455 5 4
300.58295622057142 210.77899327363482 5 4
316.56153629983191 206.10771517124505 5 4
253.47973120152355 918.26207845781482 5 4
291.28400218213534 214.45723385726359 5 4
243.79518119422926 920.75396351861036 5 4
246.47942043191654 911.12095465767493 5 4
