100 100 100 49
902 98 98 48
96 904 96 47
906 906 94 46
92 291.83326093250878 92 45
289.73665961010272 90 90 44
912 283.7309882599024 88 43
718.39172131954399 86 86 42
84 724.40044543485078 84 41
273.44858410255068 918 82 40
920 732.56413289056957 80 39
734.7458029711388 922 78 38
76 459.0696206154438 76 37
452.95430571492807 74 74 36
928 442.92897819696157 72 35
424.97415950155721 930 70 34
932 585.05142157388332 68 33
591.24667405392199 934 66 32
203.40472915238195 401.03484664665677 64 31
245.70763843232012 282.34843686671053 62 30
796.22821974700844 797.99001777572164 60 29
395.95653493167242 193.05987622091436 58 28
203.8010368482411 796.84153577787629 56 27
793.91196999809051 204.86897477896147 54 26
584.64569334114003 52 52 25
50 594.78563146669353 50 24
147.04557820681896 608.42952205934307 48 23
186.95342988137639 509.79768383057643 46 22
209.0280873313327 696.97823950118004 44 21
830.03245479781788 384.63352308201792 42 20
784.84688718084476 298.43084881703572 40 19
206.75081728063293 187.45434814757306 38 18
364.50043787274649 842.94295552707342 36 17
304.84003048716943 806.32826188385172 34 16
307.69638291197708 210.67082637870726 32 15
341.81868828122504 262.43633880047116 30 14
266.25648188176336 740.6693239141382 28 13
284.23899842719908 361.46439162265744 26 12
506.94976562923398 976 24 11
22 193.80831519646858 22 10
980 819.28206644528484 20 9
982 363.32998322843201 18 8
16 16 16 7
508.5889477782689 938.03537064737384 14 6
160.81992177523153 666.82701737600314 12 5
865.12490179645647 810.36932319150571 10 4
818.54690597495369 261.7646681960897 8 3
232.26148347457286 741.25249052422134 6 2
887.07852721304539 809.84399203600151 4 1
2 2 2 0
770.69904004885223 632.01949923135442 100 49
550.2887878940079 215.80972667250438 98 48
636.43982071145274 778.43143153197389 96 47
326.60700756401116 499.95500937490647 94 46
395.40860435610409 718.73069669310382 92 45
420.21486817361256 310.58235606338098 62 30
805.32606817908027 479.46808671915113 56 27
699.93988423169458 258.09722946304009 54 26
736.7284600054121 396.05125296929043 52 25
699.9773453912527 491.20037579560409 50 24
638.51506922166277 414.86959165150495 48 23
514.97414753519706 851.98474715974839 46 22
606.5022374532191 501.12026470490974 44 21
550.91201812856957 435.50222209895145 42 20
572.70301660003088 356.45064156056645 40 19
497.23920585188648 376.17913028545996 38 18
644.34040731630694 331.07182654954602 36 17
226.29107659483583 579.4579275212717 34 16
508.50803185367818 774.25322621751275 32 15
327.03888178509465 325.3510978854402 30 14
654.63461947919825 554.66719552736868 28 13
425.85266217101037 834.00401970363669 26 12
330.98523194457914 379.20670409703843 24 11
193.80831519646858 22 22 10
813.73947360366481 980 20 9
18 533.04258865107147 18 8
984 16 16 7
183.61771666201963 238.52102975018167 14 6
785.30309277437311 354.37985928776618 12 5
202.73747956496806 139.30661894182407 10 4
952.31114879568543 815.11943278552951 8 3
327.52067137333017 178.25173343949842 6 2
400.62403053696806 860.12102448226733 4 1
998 2 2 0
569.07106886132522 617.23618789309796 78 38
463.07178647116518 455.1005307599948 48 23
285.12371379937525 633.66789708000738 46 22
526.96753963326341 509.73605501621245 36 17
528.36676177478694 717.63493548103384 28 13
978 190.8654941299512 22 10
20 377.62370329061764 20 9
350.28607495174487 982 18 8
16 984 16 7
281.40403548310115 401.36380245922987 14 6
881.39583357806941 649.05534092907681 12 5
863.15380326302591 198.77188595571835 10 4
946.57349967981941 194.17277746999477 8 3
617.90998223510826 364.95536131308819 6 2
940.09969976541947 814.12393959301335 4 1
2 998 2 0
809.13450587004877 22 22 10
374.58947335248843 20 20 9
982 656.66946904652843 18 8
984 984 16 7
19.19653549359559 650.88506617331677 14 6
828.10406809426058 728.18946728326694 12 5
10 163.24555320336759 10 4
8 43.431457505076196 8 3
251.42953772288377 350.10727295846056 6 2
4 140 4 1
998 998 2 0
22 812.08699765539154 22 10
616.84424314073101 116.39917228352598 20 9
982 514.92897819696157 18 8
153.39422176088314 202.98085784527933 16 7
658.69683160924694 596.47028671223779 14 6
658.91879630679227 622.46933922714766 12 5
163.24555320336759 10 10 4
43.431457505076196 8 8 3
380.72814649362505 255.22173096785662 6 2
4 60 4 1
2 128.2842712474619 2 0
187.91300234460846 978 22 10
106.67927763758409 553.70693277160751 20 9
732.08695142469833 322.52211650902956 18 8
644.2027733555783 16 16 7
636.85143579576061 143.88939312775591 14 6
652.42757622283625 885.61718063405419 12 5
990 160.60990336999413 10 4
992 42 8 3
814.87871389607199 947.19358225216752 6 2
60 4 4 1
2 71.715728752538098 2 0
852.99068018843411 541.95238001941584 22 10
467.46019664842891 806.17618386499112 20 9
723.45447301221236 190.04530726768147 18 8
664.09171604051608 984 16 7
869.94678541707276 506.3783617762258 14 6
131.64045436087639 527.24688837028441 12 5
839.39009663000593 10 10 4
958 8 8 3
189.56783115114104 944.60863176310625 6 2
140 4 4 1
71.715728752538098 2 2 0
350.08117930949118 613.5550237272987 22 10
441.09888833260203 390.74843873967018 20 9
687.56965424714429 187.16784619961862 18 8
521.77290785126911 16 16 7
655.67995965088255 648.26681850548675 14 6
505.0364698622526 912.27920826521336 12 5
10 842.03226646068129 10 4
8 959.42562584220411 8 3
619.97273680645139 6 6 2
996 58.402020253553339 4 1
128.2842712474619 2 2 0
395.54994493341997 598.17349738443431 26 12
428.07173540830883 560.19543602912768 24 11
406.25979159228075 414.2055770629724 22 10
219.12729214992086 632.98063478115159 20 9
436.9508127062636 519.14471147599772 18 8
260.56689334068324 191.90743219111863 16 7
267.00323489375052 698.67596301102537 14 6
730.15119375984239 832.11735670222276 12 5
157.96773353931866 990 10 4
40.57437415779593 992 8 3
376.78890875785805 49.528949626713057 6 2
996 137.59797974644667 4 1
998 70 2 0
450.42276713207286 609.3526469028468 30 14
480.0670946276623 559.50072770875522 28 13
538.34353769982135 102.43728294035984 16 7
524.58199916758417 331.94824001977531 14 6
678.29267694789041 369.95030933779969 12 5
844.6811611329764 990 10 4
992 851.15476319679169 8 3
235.17633543046722 540.45725861131791 6 2
862.40202025355336 4 4 1
998 126 2 0
698.54484450478378 328.08332711221857 16 7
497.68088252160874 324.18100607199028 14 6
357.22218931876665 354.55671286488854 12 5
10 231.17025738009636 10 4
992 960.84523680320831 8 3
952.1038729993578 368.74674780159785 6 2
941.59797974644664 4 4 1
874 2 2 0
374.93987189771735 381.20410906098141 20 9
656.18101060001197 166.83209431760815 16 7
143.44006137226387 548.14591405036856 12 5
229.73665961010272 10 10 4
960.84523680320831 992 8 3
532.63036438189101 81.192056402634037 6 2
4 943.19183588453086 4 1
930 2 2 0
662.54475359447247 203.71336968254005 12 5
990 224.4014003631371 10 4
55.888888888888907 198.58098131253922 8 3
130.23045335166006 201.59783309772462 6 2
4 864.80816411546914 4 1
2 931.712812921102 2 0
641.79919879587794 670.25146037398611 12 5
800.69143596277991 135.42425487189396 10 4
8 346.0919007975109 8 3
322.54947408809716 844.97190538821883 6 2
135.19183588453086 996 4 1
2 876.287187078898 2 0
290.82164278791333 709.10109828052111 12 5
777.04323451400467 10 10 4
198.19006172555427 55.025431871647292 8 3
538.06805263491742 805.3942808898654 6 2
56.808164115469154 996 4 1
123.71281292110203 998 2 0
665.71568331184835 672.25190242447127 12 5
132.9508161490271 804.64891955332951 10 4
343.4022910700977 8 8 3
956.72346303704319 654.79918408606693 6 2
996 867.21856114066941 4 1
68.287187078897972 998 2 0
10 782.36595241960856 10 4
992 336.79698490558883 8 3
644.43379557794788 468.54424748011195 6 2
996 944.78143885933059 4 1
998 878.57738159839585 2 0
195.88637888517314 868.52167826393645 10 4
806.23855359114248 52.549528256754961 8 3
672.96045455314174 6 6 2
944.78143885933059 996 4 1
998 933.42261840160415 2 0
990 789.13267538549337 10 4
8 672.55451984758793 8 3
56.315220872695406 810.0366118873045 6 2
867.21856114066941 996 4 1
933.42261840160415 998 2 0
807.53009096567814 872.53842480138792 10 4
324.67357800201347 992 8 3
584.25759758331594 400.97582160849782 6 2
4 330.19991311901055 4 1
878.57738159839585 998 2 0
124.95476235352177 388.36296433111505 10 4
222.22359020308789 992 8 3
539.35596987085728 388.91405033115802 6 2
4 253.46660874600701 4 1
76.166342930441814 199.17639230527948 2 0
384.32845188253083 122.44060472139518 10 4
992 681.96769032787552 8 3
296.94268053343404 726.02838090112834 6 2
201.5357483735641 122.50537274119827 4 1
115.49337929178046 200.81644309397666 2 0
539.86574373926146 990 10 4
784.70578695832603 992 8 3
691.47918766557098 994 6 2
251.78932768808215 4 4 1
2 318.96258086500984 2 0
187.03941894963168 328.86714873430992 10 4
8 508.3849326391956 8 3
51.165754820166349 380.92065858556202 6 2
327.68399153212329 4 4 1
2 264.70394100000772 2 0
454.21578963702842 157.99052719392992 10 4
8 409.75430859169199 8 3
858.94093970825986 573.28818607985886 6 2
879.79196752502583 197.55301750118122 4 1
200.99645168719513 114.27293756015389 2 0
827.12035585815636 332.71512865609577 10 4
404.29220547254232 8 8 3
495.09692072633902 6 6 2
996 246.20766218131496 4 1
198.93658242827041 75.189666317962377 2 0
265.64967162405532 826.3311559789654 10 4
884.58600049594975 375.7335568718272 8 3
503.83375036566815 419.68214147613219 6 2
996 321.25431433848985 4 1
262.90384388010523 2 2 0
267.24630411803469 778.6564303048674 10 4
992 394.92897819696157 8 3
344.66300079636301 802.56913489037458 6 2
802.16369577970818 118.8976639755104 4 1
316.56947534010021 2 2 0
445.05676333075758 240.10419119262664 10 4
992 490.92897819696157 8 3
353.24167859796904 955.10878697620331 6 2
755.48619530152678 4 4 1
887.93992781114196 197.00663801000468 2 0
303.2098126642166 762.35847237048552 10 4
358.6379431962373 888.96944545471251 8 3
759.81573728761168 254.23948130819275 6 2
116.59096739946767 806.14289978977479 4 1
926.60926862775273 194.92462998437034 2 0
752.87122750613162 519.52416852922806 10 4
472.30279776635416 992 8 3
791.93540144343899 413.83308687522566 6 2
4 761.06105099449746 4 1
998 257.19798993705922 2 0
601.12378111162002 315.31355191415622 10 4
377.64552123676026 992 8 3
994 544.65340182043496 6 2
4 687.7398398752041 4 1
998 310.26398658274559 2 0
692.42944782375184 550.72372619114651 10 4
992 631.69903673264571 8 3
659.01015159816325 958.33333333333326 6 2
194.13180373907267 884.76074079086914 4 1
805.3336666747341 72.394922350272026 2 0
454.59205769433692 855.68459038232959 10 4
637.20317522622622 992 8 3
687.9947480586311 436.49738354504933 6 2
309.67012465510038 996 4 1
802.82328749266219 110.80545572156153 2 0
586.94377953426783 113.95739503763015 10 4
159.99792472581535 458.47916167846648 8 3
526.3992160235897 902.71410562243284 6 2
237.22704355000101 996 4 1
692.16196722233599 2 2 0
891.72294092759876 516.46791336097863 10 4
174.69467385197009 739.84311796536758 8 3
626.5913256351763 92.057008518528932 6 2
996 696.78704525057287 4 1
744.62147541675199 2 2 0
412.18245667975225 382.75844621989472 10 4
93.706241075821509 632.91389514368484 8 3
549.31864987582867 6 6 2
996 768.34122053056626 4 1
108.58510054376843 806.81144489034091 2 0
223.60681843168624 470.14255669952291 8 3
6 629.42664761807112 6 2
809.57962671264124 888.47539971564549 4 1
70.597121678453789 809.34962349266266 2 0
848.90415417066845 430.9353476981251 8 3
6 560.14461531531595 6 2
770.07284643645016 996 4 1
2 750.32340822848221 2 0
177.32769313213657 655.53571608571133 8 3
308.55848221593362 248.66104597257271 6 2
109.19365655437608 386.28101460770296 4 1
2 698.47748264121935 2 0
574.44383591256553 861.93291576319064 8 3
397.30223585002534 816.71239988183811 6 2
4 493.94081216376918 4 1
190.37173536355994 930.41922717397722 2 0
746.05585982449884 455.32181575230186 8 3
353.70668359801607 296.41685626780753 6 2
4 424.19842906711841 4 1
193.34711108886131 892.70664077198933 2 0
187.32034754533032 563.79643725533504 8 3
599.01010159602743 451.68477239121489 6 2
382.21270606064417 106.85766392111617 4 1
299.06108105228208 998 2 0
301.20871095763914 390.92672107289314 8 3
560.04893042959623 482.62458232850008 6 2
418.54500464675755 4 4 1
247.83608715281929 998 2 0
43.750971643724036 536.63249943048072 8 3
266.29024115140999 579.71645174857281 6 2
996 408.98785270000729 4 1
932.21637020154424 813.64902851915645 2 0
166.32041518034123 224.92678974009192 8 3
538.2941422461156 750.65687845584569 6 2
996 476.87010369391584 4 1
894.93596167849284 810.63969874198062 2 0
767.79159684034971 344.71820776472515 8 3
312.98937889140791 292.20578949284425 6 2
458.44056056292021 996 4 1
998 707.26591160922248 2 0
497.31560508851953 735.85101816762892 8 3
621.12124585047525 548.9353731276766 6 2
391.50775844019421 996 4 1
998 757.86235417191665 2 0
562.27004990258638 705.52844738070451 8 3
801.32055032074652 346.16760906324635 6 2
902.01722996628848 650.51158885984103 4 1
810.49454834398966 896.26816029820259 2 0
80.016602953044185 545.15697495496329 8 3
568.18426810065125 533.24086906870832 6 2
996 618.03626657882455 4 1
813.9501520435474 933.25482509930953 2 0
754.53153708216416 335.6461621758458 8 3
515.52489994878215 467.93294621867722 6 2
654.6643992210137 904.36569328242661 4 1
759.72579496473236 998 2 0
464.06770864300563 833.969906629908 8 3
324.6991305664626 599.93680774522102 6 2
623.74282767246586 996 4 1
709.76581097754524 998 2 0
246.19230451946785 211.12646432650436 8 3
810.23660693618035 730.36979564488877 6 2
558.75052043537812 996 4 1
64.94811370595481 381.85656595922978 2 0
485.63546056125574 595.06747201898975 8 3
958 514.92897819696157 6 2
135.56237449519597 405.66247180094496 4 1
101.49179559109734 385.35280870973463 2 0
561.00079500987079 110.35237556055152 8 3
673.46118669013561 582.97903699082804 6 2
140.79151244268741 374.50966816912666 4 1
2 483.72727662731972 2 0
692.32473169175853 355.6989430992565 8 3
825.00727049342061 540.98864673628179 6 2
175.63435889689615 338.96386682618652 4 1
2 434.41196460356787 2 0
354.76495547589269 400.61989509638022 8 3
879.49036874797685 532.90989660791638 6 2
203.43605066505518 333.03485386016564 4 1
381.27067559551352 99.24791422876288 2 0
286.98559979656335 689.47242603381744 8 3
336.91976107538181 638.26892811464415 6 2
186.12176340795853 310.73018271824623 4 1
377.7323447834201 63.153037585633342 2 0
189.41255724210197 645.04972259707756 8 3
524.32174496742982 37.851851851851862 6 2
183.08440440457224 261.50783802920301 4 1
428.62325559373517 2 2 0
410.72336263951172 441.8475113930138 6 2
837.6672490706062 749.21700424653727 4 1
477.28535583612097 2 2 0
236.56376951944978 652.26713931001598 6 2
859.8689059035014 791.21779025955243 4 1
903 373.2798575994982 2 0
203.4112370095834 612.26818415777359 6 2
855.56387158249277 821.97502186699057 4 1
938.6400000000001 369.69790282591435 2 0
449.74356951962233 539.45100048000495 6 2
821.17004197319011 856.92986426379412 4 1
998 418.92897819696157 2 0
426.57693058661516 497.50256348261132 6 2
399.90942217274437 131.18601516101791 4 1
998 466.92897819696157 2 0
256.60225665312942 681.59323338025126 6 2
441.67388136673418 151.17999758049149 4 1
353.96885024317851 941.92669514668648 2 0
731.95948988326836 814.20841856703453 6 2
338.18632713714248 170.5520311135561 4 1
356.73124261417303 907.04560402228856 2 0
416.76622295284193 622.12907182969843 6 2
371.71475717843089 135.99555977567476 4 1
448.63847863395569 998 2 0
542.02908849268044 322.17076211992236 6 2
144.3976309308475 788.40143119242441 4 1
401.30984036915874 998 2 0
716.51072803075431 340.78084770213144 6 2
181.82132570810725 852.6706706287431 4 1
943.70627537102746 654.06564559283231 2 0
515.09352265358609 314.34230881908877 6 2
147.84149420058844 818.4870800460518 4 1
909.29299416878268 651.26616227549039 2 0
23.165465818107837 222.07792490749978 6 2
851.05285989234051 214.81476293743339 4 1
998 561.72761399450212 2 0
160.30082664156802 554.44786569517089 6 2
814.67715854150072 150.71357851269244 4 1
998 608.37522915326451 2 0
812.79249078069677 339.83638432641914 6 2
848.29940065268386 184.71934980002462 4 1
655.4319736226513 911.54454811693881 2 0
265.04198675093062 810.34270017188464 6 2
639.77845177570339 42.182721996597579 4 1
658.27006874977747 945.48322966083902 2 0
281.36459646691623 771.12822858390416 6 2
40.446946525828892 647.93390678508581 4 1
614.22492464007405 998 2 0
265.76004100787554 794.58725018230564 6 2
102.40547634598528 581.76003938992494 4 1
568.26842346776994 998 2 0
301.41336234443423 746.45964328628713 6 2
144.35568697263506 660.35990319744235 4 1
152.27871624126726 442.7736871170452 2 0
740.58001033398 529.76750687309834 6 2
104.92621550888356 638.92475588234845 4 1
138.35842984863081 412.21424497066437 2 0
612.324332241614 303.88780666999861 6 2
172.90578564319162 461.81160573122145 4 1
145.7150084333968 368.97402751542592 2 0
686.7951860047051 565.69887539756292 6 2
136.96492942512083 510.86998142683234 4 1
170.19815212113303 343.99693607949337 2 0
173.81432214977809 560.11034474229382 6 2
155.0612212663448 471.28941160686708 4 1
239.97197088252722 346.09090401192111 2 0
57.554767609515977 538.96814001387224 6 2
171.94688459165451 727.45748495409248 4 1
209.83318811139532 335.34866152822963 2 0
494.66186546189317 722.10483084189843 6 2
162.59443486140975 684.81617066802426 4 1
185.28126346516882 303.43523862347848 2 0
259.9152710534031 213.8977798098972 6 2
875.93924403770995 387.56041591984547 4 1
183.14716288118393 268.85077414994038 2 0
367.6247899403071 406.15385006076679 6 2
872.42898651904102 366.78599949998204 4 1
841.22590272001457 755.33783697496028 2 0
300.30029235104541 693.79896762955173 6 2
825.53846981169545 315.16987814960601 4 1
856.81544319390116 784.82991310302668 2 0
457.9752148099268 530.71944759322662 6 2
246.31976260701103 173.37249579221512 4 1
850.7645488931056 827.48219984603566 2 0
464.80060278258617 516.24830116239139 10 4
621.31831140145266 295.94373096086872 6 2
165.252492781553 180.98217202442382 4 1
826.59885370433835 852.04207225129062 2 0
634.039809718892 286.23994404238232 10 4
495.20828138260259 710.11727772870654 6 2
334.31201128953347 186.43019259846514 4 1
406.23934012626415 133.94757701567215 2 0
497.4480163094982 692.25716609811354 12 5
514.52874905973238 686.57838377132225 6 2
341.57709577063656 222.84034963104 4 1
435.55332161627501 147.98111753953452 2 0
507.16369245554125 677.10442255031967 6 2
283.73009565396922 183.80789513383655 4 1
342.86434014860407 165.10958368010665 2 0
489.64508686679903 667.45566831849828 14 6
289.3087038166546 331.89585957819963 4 1
366.4160290445642 140.83575811506481 2 0
479.27739929911695 980.27084788909701 4 1
147.6790978838257 782.20159155412898 2 0
526.54568357149935 996 4 1
164.76672368748217 753.94255681487766 2 0
487.35384768696855 996 4 1
176.39456308386377 847.9579244981536 2 0
4 212.56997823576231 4 1
152.52171224832054 823.94192080421828 2 0
981.27425504675682 843.24821494845105 4 1
847.57117945832192 220.89049905422996 2 0
996 837.17061026528313 4 1
829.26972423697759 248.29510994181544 2 0
960.02909778923799 362.19885280043781 4 1
820.08916071444435 155.36387720103886 2 0
996 380.30054597690918 4 1
843.7107837498379 179.25495227333431 2 0
4 32 4 1
638.56077087139715 48.972721534718062 2 0
32 4 4 1
630.56959573847109 80.407660737913758 2 0
520.52343106976105 951.5100917415225 4 1
564.24961528676886 2 2 0
879.05391731374937 811.7773454637063 4 1
605.0417713955112 2 2 0
874.64188600427156 628.57206907427121 4 1
77.988455003425358 638.61081128972717 2 0
869.07275959898641 665.76281415255835 4 1
47.127160946674906 646.70621308683417 2 0
838.95256469111007 710.48896064092889 4 1
2 614.78563146669353 2 0
448.75583974237395 225.55962101232205 4 1
2 574.78563146669353 2 0
455.88775809017193 177.17754356081272 4 1
97.584963156053334 615.75397144479018 2 0
472.85312845600612 149.41907486517684 4 1
101.52197468781176 587.75099400137344 2 0
516.17670923710978 119.68290372643176 4 1
138.21797288880731 657.64408681764826 2 0
633.76924552863579 878.39576531254238 4 1
110.54289175629135 642.59900964541123 2 0
712.80985813801863 842.98851776938807 4 1
179.18528763486555 462.43043812177496 2 0
669.01291701381365 872.97768157541623 4 1
208.38294858037185 466.84683135557424 2 0
233.05661365567238 529.14959448233094 4 1
139.21877831492552 504.75754099236951 2 0
229.88652706229487 484.17056603606414 4 1
151.91282712084507 476.99286470017057 2 0
237.06983025513472 460.11666252719175 4 1
220.90099332031025 741.41959527906897 2 0
268.36462131104554 421.13988110906934 4 1
192.58046675955339 739.93724062465571 2 0
429.45357073649649 245.23217339374673 4 1
169.94161579293129 721.23205863709632 2 0
800.24197257578237 419.68387499150077 4 1
163.37872624478791 691.30939196484144 2 0
865.02468357426574 485.47436009768791 4 1
873.18778714915652 393.21357492600515 2 0
740.85374251196208 299.20752258559253 4 1
858.15914056219447 418.4697395949795 2 0
736.49416973592361 213.06630440841445 4 1
844.27264587777665 343.00160073862543 2 0
785.99978596735787 422.66584366596828 4 1
867.86348059896125 362.16546827450907 2 0
698.75979249878401 437.21410379100979 4 1
775.03764316250511 257.59240208128597 2 0
681.66522411809353 385.85125034098144 4 1
802.3136434386505 260.23513667770777 2 0
689.33548662712337 425.88254651088556 4 1
822.12054906650917 279.07434785138685 2 0
564.83332818585291 848.23479984741562 4 1
825.5538452663028 308.77220092538016 2 0
561.33417255305801 870.71301670990465 4 1
219.64258808491741 149.58876686945456 2 0
652.08779104610414 516.15214095607041 4 1
242.07835915802275 168.6936236172873 2 0
660.40798613110951 367.70286408645052 4 1
168.57694825220014 175.50630548778736 2 0
493.34594869466406 806.90458506027983 4 1
187.5245409113719 152.37799860870575 2 0
537.84247271135337 795.12163726309927 4 1
373.23998369638855 879.92430675707124 2 0
313.85692948149523 356.6917445518003 4 1
346.39798217237797 876.35404796081752 2 0
212.56997823576231 4 4 1
328.24904349139518 854.33753342218347 2 0
809.16256661477371 956.44046005510631 4 1
340.04348241292064 813.85932904006029 2 0
831.6280174236631 996 4 1
327.49499813208399 834.30597517511046 2 0
4 550.01315139954863 4 1
309.32660014693352 842.04759408208974 2 0
200.98944050124365 233.80687968323045 4 1
282.39949446473986 834.47825909568178 2 0
644.4736249460982 585.01112721227582 4 1
316.82920779975018 177.92038348751458 2 0
465.03291840256657 403.13752505836476 4 1
315.90219075294249 243.66574595244089 2 0
238.57317014610101 615.41832487722388 4 1
334.78461413139922 231.21900706224037 2 0
276.81473375155161 584.36312195056507 4 1
349.85589490360638 231.46210257568026 2 0
996 209.62715716924492 4 1
369.91066444416288 247.11182003931816 2 0
18.565429534276163 353.66661649821168 4 1
237.15655188231665 733.3758971456499 2 0
4 395.51224711061593 4 1
251.55196173149773 714.52019224307821 2 0
4 359.73515947061935 4 1
254.20224441645001 768.14104317467661 2 0
790.37284283075508 4 4 1
237.66511226176854 749.75412348555631 2 0
350.64281046836203 18.400832493450338 4 1
262.20652323394444 344.18521233489554 2 0
356.70092953249014 4 4 1
267.05163926516576 383.56856962219564 2 0
392.47801717248672 4 4 1
256.23900311066797 361.480586505671 2 0
8.444906940805744 149.33218964248678 4 1
492.78675125440867 954.19612365155012 2 0
17.719070092871529 36.393014741946686 4 1
520.80617208978504 998 2 0
47.62643060517064 816.47858671157314 4 1
493.09335916868298 998 2 0
996 531.89954094543873 4 1
25.937211866258519 170.13346857140692 2 0
149.33218964248675 8.4449069408057085 4 1
44.558891331806457 185.61707463842453 2 0
36.393014741946679 17.719070092871519 4 1
2 180.54181603504699 2 0
206.67466538390218 996 4 1
959.0466891726536 825.9871962257298 2 0
130.01944037584815 559.29592224657961 4 1
998 806.63295580461136 2 0
664.12189420114828 14.203162572858087 4 1
979.27303329135316 343.51676409145352 2 0
660.2027733555783 4 4 1
998 351.32998322843201 2 0
619.21669746622069 140.2816231726928 4 1
499.38676268776862 951.12428922608672 2 0
991.62095002700494 146.70405851935843 4 1
495.04527603902898 946.55411209313411 2 0
821.12919139837891 954.99944741838431 4 1
496.91546114834182 927.0932634508182 2 0
473.57910592585802 782.9693109766722 4 1
167.01103308765411 654.27034023922874 2 0
742.22047888223153 178.56327679888352 4 1
157.97125746327524 680.5341363890484 2 0
683.95048306027832 986.3726298604721 4 1
858.17378064617685 800.58760990833628 2 0
680.09171604051608 996 4 1
808.99678259255495 258.79900749719638 2 0
853.94698795325598 514.62496599352892 4 1
822.9188222113313 252.7709843889894 2 0
115.69187695011605 528.52863661896095 4 1
826.48297221874373 255.68035619109065 2 0
853.29594148064166 8.3790499729950429 4 1
822.9414563039129 270.74731409839734 2 0
362.9540140050172 590.96542154174301 4 1
882.79804330801767 805.63953516991296 2 0
432.39381900438866 413.11407684796029 4 1
862.01660669469652 586.57610563138439 2 0
455.4955422410568 371.54592962653152 4 1
872.13794935369924 621.33550751275914 2 0
706.52310039118265 175.99793665365382 4 1
864.41940334887818 672.27485294873168 2 0
501.95432522119279 13.312290466803105 4 1
843.23727659565998 703.72866349004141 2 0
505.77290785126911 4 4 1
450.32343213315164 218.44176915039841 2 0
537.77290785126911 4 4 1
455.33484191873902 184.44496708908474 2 0
517.45359684644905 922.3695480740771 4 1
479.44292323142275 145.23449404652811 2 0
493.24906943053082 901.45991110401826 4 1
509.90276459315572 124.32765672465601 2 0
8.3114525151773933 855.93006511339945 4 1
626.64632942697494 875.94085429952418 2 0
375.2107733103565 620.22611849140412 4 1
592.46441963063785 866.01090458234944 2 0
396.93395026350333 568.20543890133763 4 1
706.19181519839378 847.26935178740973 2 0
423.71963616397579 587.85514015204762 4 1
675.39717640466381 868.35542408898073 2 0
418.55411761306073 533.86266269429689 4 1
233.2685722335662 522.40353917229743 2 0
743.78002197906721 840.49918474691935 4 1
231.0426035310881 490.82020331061364 2 0
144.06993488660035 991.68854748482272 4 1
242.01746891506491 454.56106758573782 2 0
451.60127412961964 575.37307772875727 4 1
264.00920638967466 427.17097755378353 2 0
524.70888974140405 117.0693154392995 4 1
338.49235486642186 793.54072639519825 2 0
838.77430642037837 977.30712532937241 4 1
318.74248261153502 773.12100627713642 2 0
858.57034989926979 991.75796342802403 4 1
387.05247048890755 812.35855059776986 2 0
684.37440907427799 313.96954803962905 4 1
358.91167631483438 805.35617933851472 2 0
484.30092995556458 336.22164016369862 4 1
360.06242802498292 288.72637417819607 2 0
358.35268076775679 338.59670067555237 4 1
373.51731644622816 266.81777377737876 2 0
8.1707191620853337 245.05023330284342 4 1
392.37842189529067 252.95309042001105 2 0
960.47516578265595 374.21679872789645 4 1
422.9574163983275 246.64114533637712 2 0
372.98810411346147 357.2836031608893 4 1
805.97106044170937 421.47167316640503 2 0
676.13406132457339 165.46250796287177 4 1
833.06100690124003 428.52917061291623 2 0
128.32465376772763 542.89953883039732 4 1
854.18948483895451 448.22122267932275 2 0
243.60677707620087 8.0974119004263905 4 1
863.32314681633522 478.88596169472845 2 0
224.02654214400457 22.782588099573616 4 1
754.86451559127408 269.01899076853931 2 0
530.90898142918638 71.3413284736869 4 1
739.61571782121098 218.57725693044588 2 0
665.58558734394683 188.00498561198532 4 1
754.23613640857411 244.38894731155568 2 0
657.26562343646549 218.8173686488675 4 1
781.15824716502095 426.74317394129639 2 0
991.97797946335584 238.26096735646496 4 1
758.26153063694369 445.57222700229454 2 0
977.17154156954712 218.79509549289114 4 1
786.88110612167839 376.03345869677992 2 0
47.244555460449753 206.90417178122186 4 1
790.2281467187355 403.38497791479017 2 0
626.70686295947883 675.56384204338281 4 1
704.52752348880415 439.39983642311722 2 0
788.54248201954329 142.38147544372555 4 1
731.42941259815268 449.79062490994136 2 0
782.54181387598544 22.874999999999986 4 1
747.93354906776131 471.09558708899937 2 0
763.1949605653125 7.944444444444386 4 1
751.18170527865152 500.26202732949906 2 0
206.48425397573291 46.353270957718365 4 1
679.60625362945063 443.35668634305199 2 0
7.8645760554515247 768.52976925455005 4 1
657.58063158544348 461.09192750499454 2 0
208.23845971955163 861.93183008199935 4 1
682.89328080625819 391.83539236972229 2 0
976.98144417593471 794.28216120989327 4 1
688.26457136421266 419.86829514025322 2 0
996 776.48356474481989 4 1
545.49232315536005 814.93557771133987 2 0
4 661.24081134860319 4 1
561.9472643044088 842.10920661828936 2 0
47.889759118749112 804.6503706902555 4 1
556.93659644020238 875.29038771938167 2 0
794.97171970924376 866.35075065147009 4 1
535.17769919838724 895.52572211659572 2 0
215.83050076618085 981.84478422426639 4 1
608.94016716563567 455.18491340857895 2 0
297.9112295633181 735.98136602001159 4 1
634.62476150840939 464.71801696160077 2 0
535.72254729460724 976.62711986066563 4 1
648.6703017109628 482.73944979493365 2 0
42.7424071363113 386.31020530090791 4 1
588.15027268700703 458.93963657753699 2 0
18.321480231230485 403.63327552232221 4 1
567.91105705940618 476.08587244521652 2 0
254.07718721552195 834.21009020982774 4 1
588.56085989577605 412.7302060795505 2 0
981.56109099926357 389.01043286264638 4 1
594.76645945241876 439.0782500872466 2 0
454.38495123620351 250.54377501578236 4 1
574.57794117553726 398.40877137870973 2 0
291.89383927221468 770.60157531728316 4 1
549.59450755322541 391.52195191010588 2 0
765.88575975706647 524.68381486297767 4 1
611.35123580477227 372.89190526814855 2 0
587.13039650872236 314.88321790970394 4 1
593.61198551155962 392.87611367908158 2 0
986.51664217171401 538.02020081233718 4 1
530.75573252348477 354.34698792901577 2 0
705.18292488048826 544.94888221374788 4 1
537.15229121661548 378.81458407330297 2 0
653.24314391899236 966.50288793737286 4 1
532.1511510052112 395.70234942604338 2 0
454.85217433138473 841.68700704322669 4 1
513.18225033071894 412.86454063815972 2 0
463.26332231123973 866.67591286616425 4 1
614.67115301822719 354.8149381694638 2 0
642.77975880847089 981.37447810457104 4 1
606.34110140870769 331.30150140818216 2 0
574.72973293931705 107.11509529438807 4 1
628.91453696730719 365.79994950452084 2 0
524.61305772647836 912.55329453908962 4 1
243.35602153437375 547.75954184927673 2 0
878.86758982789456 522.0122751911025 4 1
261.049498337616 570.08498145554483 2 0
905.69489169614781 515.5821415386456 4 1
198.69517640259212 556.33940047953035 2 0
399.67714731986456 389.0526687940897 4 1
220.74500943098997 543.88769925360225 2 0
543.43351807870033 14.084876234700801 4 1
523.53190003231737 804.75377350687916 2 0
4 639.22460658920386 4 1
539.94733588925862 761.30833681055628 2 0
308.0305001955208 258.64709799457427 4 1
539.03568804608221 789.2219338236614 2 0
188.47330482321388 575.74092089906685 4 1
297.07335761943568 336.57907016351908 2 0
310.59799580539357 398.39942674404932 4 1
295.1240423037496 323.01806962157775 2 0
177.81531397120585 221.48189470718032 4 1
307.14156812866082 300.28923623755992 2 0
322.97073002190632 291.5953555408899 4 1
627.39221927240135 542.10329362657728 2 0
311.70761101327611 282.28827613986158 4 1
645.03494949327035 526.24455778627794 2 0
488.69328761783134 744.19701370049768 4 1
660.7091543894154 525.2886314776307 2 0
573.32642265873631 700.86404801132539 4 1
680.45799168659994 539.39783248112496 2 0
68.082289919126126 543.90311196067194 4 1
402.05333305482532 848.75501741970686 2 0
558.54821959154788 535.91417584687804 4 1
398.83370768530358 826.65717694641739 2 0
465.34556477680985 845.90167446628914 4 1
438.06552709046105 859.200168823279 2 0
800.32682036447284 731.70999342999562 4 1
413.18071859964061 858.97243667636485 2 0
484.34109693385614 606.99746040121647 4 1
339.73689053657603 354.72388416368256 2 0
135.48838800107771 397.66281393334287 4 1
305.00599407658291 380.24554951290673 2 0
571.56057569982784 116.05246606685138 4 1
185.61707463842455 44.558891331806507 2 0
679.39940091888241 574.93306832487428 4 1
170.13346857140698 25.937211866258565 2 0
138.10961632464046 382.04673876797369 4 1
180.54181603504699 2 2 0
680.43253618946528 354.09404866807535 4 1
791.82585402333723 978.05236633611833 2 0
703.39019196520826 351.05614341192273 4 1
801.09036296299132 998 2 0
276.60560083491919 683.45116191768147 4 1
19.763891336335941 513.12052331251789 2 0
192.6117066411901 633.48402144572867 4 1
36.926013598023431 526.57683198325367 2 0
526.36542360641374 47.640793450439567 4 1
2 521.04258865107147 2 0
831.25879908803358 744.42829159898099 4 1
998 27.313708498984759 2 0
242.71402971308873 660.15220744862711 4 1
972.68629150101526 2 2 0
198.38256447174763 620.91182069034573 4 1
188.43904253314366 253.77733391745724 2 0
813.62210686686569 859.58102922107514 4 1
177.79457671292269 253.42374900316472 2 0
266.56059844717583 680.68140625137823 4 1
167.78398090318461 236.22041854456972 2 0
250.84675136973357 673.41557118786386 4 1
782.98372935425971 368.18639952511165 2 0
533.80065215219884 316.48808357977589 4 1
771.30441549866373 354.57230286530773 2 0
551.15717947830797 318.08689692159533 4 1
789.39261858905707 367.76924981202205 2 0
189.44402517822203 855.09852004506035 4 1
205.81997440604172 127.70928193909995 2 0
506.84517771424493 308.68856618596118 4 1
214.270846971477 142.6204439623217 2 0
807.02770521292973 148.37138642534919 4 1
191.85111128513611 144.35508263644135 2 0
850.55468235292813 192.39487613067735 4 1
198.00095839029251 128.2809503833262 2 0
731.90854323590042 534.74803479360264 4 1
960.41507292459573 809.26055800338361 2 0
269.11878119814935 209.98684628763522 4 1
332.07862516817647 171.67715685966851 2 0
377.56479886884188 405.06013048946488 4 1
400.81820901552516 854.12416741222933 2 0
297.73283668962813 684.13417733556935 4 1
406.61847747878323 860.37910559696309 2 0
647.14298816291478 291.17012808195909 4 1
625.14498222291047 560.1773039194569 2 0
10.556163912479835 217.15437729700218 4 1
578.77881613176135 537.8273745098636 2 0
746.3319265648181 171.70062439960276 4 1
607.56814822146032 547.10791341882145 2 0
657.6006943876265 188.4963963120172 4 1
494.32632627761143 416.07292845742865 2 0
652.26654967995455 225.06310812285807 4 1
507.10278847926071 431.40937498060981 2 0
213.73060103152551 856.11492507939613 4 1
512.99729891736001 457.82875490490085 2 0
289.22735202162681 763.0590395538643 4 1
259.65397327796973 592.98261328141166 2 0
713.06666516590212 543.5899712114591 4 1
283.43084544979934 585.69775848576307 2 0
303.81459841354973 402.64036058276059 4 1
313.67066537781346 595.07940714352105 2 0
173.09563989479358 215.02243059531764 4 1
525.96892038441365 471.74917886673381 2 0
792.57633872225074 733.69242484459187 4 1
549.97429887977125 479.49222872102905 2 0
483.95249436927929 614.98801658003185 4 1
561.18703083722585 493.21254383541503 2 0
482.87800185231862 624.93012228410657 6 2
684.08398562142088 346.97597891245539 4 1
563.93160297816132 518.54843386839389 2 0
476.94056069892645 641.92267337421674 12 5
528.67925444288994 55.298873292029889 4 1
529.62801812294344 747.60841096226955 2 0
499.22669876812193 306.24750523885632 4 1
508.65895185546714 740.25356117279409 2 0
489.22855507558262 306.05483271010405 6 2
269.04120177642352 217.98647011837406 4 1
558.32294212254976 719.25581763970752 2 0
375.18592444763806 412.69825568404912 4 1
545.30596704262211 742.39505108848095 2 0
650.85181623301764 192.79205035467979 4 1
955.51394538819181 182.4763733181629 2 0
460.94233581658767 641.68434458007641 4 1
974.22383238958594 167.16442752572303 2 0
462.82673349555159 649.45924299661635 4 1
998 177.59899496852961 2 0
468.23958797535926 655.34999900755633 4 1
40.890111837307487 370.72419407439185 2 0
330.41510963019687 979.7317986884234 2 0
344.4625833333223 962.86660131157657 2 0
362.28607495174487 998 2 0
338.28607495174487 998 2 0
2 972.68629150101526 2 0
27.313708498984759 998 2 0
273.63273714096556 387.37784800207822 2 0
291.0747589977824 388.61715165587799 2 0
268.64525567202168 411.01851828790092 2 0
268.7271440647022 391.60181372915434 2 0
869.66786340803014 656.70090929844412 2 0
872.50934985108609 638.23728163130716 2 0
894.19389705970138 654.73068859420869 2 0
877.42783462772968 662.48124813604431 2 0
874.76708446821578 201.79375617946766 2 0
859.92229342627979 210.32858722273266 2 0
858.1413420158874 187.86889406147509 2 0
874.18769143921531 194.05454436162665 2 0
951.51211211274722 202.86818471964853 2 0
937.07310603913777 197.29407858845389 2 0
936.87894292291719 191.72011171877617 2 0
950.96811023057728 185.19016103004989 2 0
832.83557247427689 25.776167610414078 2 0
817.52362668183719 44.486054611808129 2 0
822.40100503147039 2 2 0
367.49033680227814 40.823118408189217 2 0
979.89449200257081 676.55833115758855 2 0
962.93099737685452 662.70048380015544 2 0
998 644.66946904652843 2 0
998 668.66946904652843 2 0
998 972.68629150101526 2 0
972.68629150101526 998 2 0
17.066787246838793 635.02744427072889 2 0
33.719865162851036 644.17143114316173 2 0
34.93414446926684 653.7708353478821 2 0
20.0848882571768 666.86038555564642 2 0
830.77927285805208 714.44744125098964 2 0
839.05305616353417 719.46480910893683 2 0
838.17475443064768 737.91475785548676 2 0
21.790621337882854 165.47742427192429 2 0
2 172.18982511336674 2 0
2 154.30128129336845 2 0
9.294266948095725 53.347347433220065 2 0
2 51.431457505076196 2 0
244.37499007485599 346.33456074021416 2 0
257.75152387004351 345.20497847983933 2 0
253.33806823602441 357.8762826302534 2 0
3.834287015005764 134.00228883601383 2 0
2 145.65685424949237 2 0
25.610754579500082 835.81382743449637 2 0
2 825.35349681681316 2 0
2 798.82049849396992 2 0
598.55022410232073 104.17915315824301 2 0
618.04520487812385 94.431976492863072 2 0
631.51301421911796 100.00322293468139 2 0
638.10932514519914 122.03799195995171 2 0
963.2386176215997 508.00001498076182 2 0
980.60138237840033 494.97794141316132 2 0
998 502.92897819696157 2 0
153.76879967065366 220.97695996183535 2 0
136.42888707896728 208.99562460140396 2 0
137.29053545972442 194.93901181878309 2 0
156.10173589611273 185.18565154674121 2 0
648.63681381776109 608.91199246486633 2 0
666.27853450569364 610.55992053253317 2 0
647.86704956413269 631.06345895729532 2 0
165.47742427192432 21.790621337882897 2 0
154.30128129336845 2 2 0
172.18982511336674 2 2 0
53.347347433220172 9.2942669480956592 2 0
51.431457505076196 2 2 0
388.72032072502464 254.86796401780046 2 0
377.7913656953034 262.66319040419091 2 0
375.26380062678822 249.3787074142858 2 0
3.8342870150057422 65.99771116398621 2 0
164.18617256550357 974.38924542049995 2 0
179.32109760208144 955.59064541546672 2 0
174.64650318318687 998 2 0
109.38567701489333 575.53983002347263 2 0
97.541789525702313 573.71958654378921 2 0
84.816671041562728 556.16181216326879 2 0
715.06947301825028 312.01471774977068 2 0
733.92387032333897 302.60665194101568 2 0
743.5605604055612 306.14053242951326 2 0
751.98072398732324 324.58071147321061 2 0
647.64300160378389 33.668186935853079 2 0
632.88906485659356 2 2 0
635.57385008382448 127.94048173077785 2 0
641.35493825790502 128.53626753153091 2 0
652.83085305719055 144.70070317028865 2 0
649.76298151792525 899.36126791035451 2 0
638.43938098827948 885.04238146919477 2 0
665.78996281068248 881.4402649445833 2 0
658.33375234051857 898.3103710788132 2 0
978.19487344488766 162.76373414741886 2 0
998 151.66563145999498 2 0
998 169.55417527999327 2 0
990.75129930582136 51.921731027212829 2 0
982.54738349944739 38.736866338397668 2 0
998 34 2 0
998 50 2 0
812.81634232191311 939.46398824665209 2 0
65.997711163986168 3.834287015005764 2 0
847.9532186755647 565.41775837789021 2 0
830.07419568237538 549.08222839673567 2 0
876.98993253464516 541.76294184246854 2 0
865.82342680623219 562.23342077780376 2 0
489.09116100275838 802.16353123839531 2 0
488.73080722666543 811.7941128098081 2 0
473.85151890968825 827.22733584659841 2 0
727.86035468162311 209.5539773073113 2 0
707.94447997422378 202.67226715363765 2 0
737.92114551934674 203.85528143750972 2 0
668.25693918158106 966.48854899829439 2 0
652.77800754153134 998 2 0
861.82097770138159 492.59535597315033 2 0
871.25997547392274 490.43234246498105 2 0
885.71361090003484 503.65674200303584 2 0
144.63641110416592 532.4531450222895 2 0
837.23626585258103 21.805126555112395 2 0
830.44582472000673 2 2 0
848.33436854000513 2 2 0
961.2631336616023 17.452616500552534 2 0
948.0782689727871 9.2487006941786518 2 0
950 2 2 0
966 2 2 0
191.59549392212236 936.86986030458797 2 0
195.68561339816853 949.76350716198385 2 0
182.98062701479256 949.14831695770658 2 0
134.0022888360138 3.8342870150057422 2 0
145.65685424949237 2 2 0
333.01429424078663 630.42871431506364 2 0
326.46536106563178 609.27797700403289 2 0
334.08469240525386 595.66333831975351 2 0
457.49949223022111 405.41200555656036 2 0
462.47266545059546 395.96012289264223 2 0
704.81525462914169 197.29648221166138 2 0
700.86939497914636 202.10494419292121 2 0
680.11141100784653 205.72517919182062 2 0
517.2083677446949 33.411633283970673 2 0
664.84613851021845 635.15265954966105 2 0
640.48784911871314 653.28675651091544 2 0
21.819530408839846 839.95893558633679 2 0
2 850.97653837068049 2 0
2 833.08799455068208 2 0
9.2018310688110851 949.49810842433772 2 0
17.472725144206706 962.62991645672616 2 0
2 967.42562584220411 2 0
2 951.42562584220411 2 0
622.57610838229073 13.564552626435471 2 0
611.99259761639109 5.4366364342065978 2 0
626.90094003672687 2 2 0
996.18589173392058 64.399139917463671 2 0
367.56981397463142 597.1188545401294 2 0
370.72912218718636 585.2148416593966 2 0
404.77347511630302 571.73627947169916 2 0
402.08811003314133 559.27282432155357 2 0
419.35456072248411 394.0927199455295 2 0
417.00304866132149 435.6667612695465 2 0
238.44998813065678 622.46239253084889 2 0
238.22675532965701 643.89899117054938 2 0
211.58095118873382 612.3153804130701 2 0
231.84256400003147 615.02731024841432 2 0
418.65372771710094 527.22039602279358 2 0
422.45439438146605 505.3659649527296 2 0
244.63641814856624 200.28716727961304 2 0
246.23043961013821 181.02321910831191 2 0
254.46910865917238 174.97175913162874 2 0
274.70219994904727 180.7632360744156 2 0
275.60910516306291 712.16443945974879 2 0
257.92323572793833 711.84993792935779 2 0
253.76884933919877 707.66768359128537 2 0
716.4543100830839 835.01483449253396 2 0
721.47876316479915 843.10775922324808 2 0
160.04106441366321 978.1804695911602 2 0
166.9120054493178 998 2 0
149.02346162931951 998 2 0
37.370083543273829 982.52727485579328 2 0
50.501891575662313 990.79816893118891 2 0
48.57437415779593 998 2 0
32.57437415779593 998 2 0
382.94635381172736 44.421516767773007 2 0
378.81924387687377 57.267020400781398 2 0
370.07772603856995 45.174638371379288 2 0
996.18589173392058 131.60086008253634 2 0
998 143.25483399593904 2 0
418.74206673789666 613.8618843699187 2 0
475.20121376951431 589.10348439583265 2 0
451.77733360258526 549.51626872771703 2 0
550.3924509960226 115.80978040271241 2 0
521.10877554821593 107.6298712715862 2 0
527.66340030871106 87.94816063060594 2 0
525.54766955639525 347.91907220536206 2 0
509.86403628271205 338.22371358911869 2 0
531.99093343714139 346.12948442883129 2 0
664.46337477663212 372.12985090795399 2 0
691.76574077692362 366.14550302751309 2 0
853.6254330429756 998 2 0
990.84640455078647 861.08800121566321 2 0
998 843.15476319679169 2 0
998 859.15476319679169 2 0
227.77282462311598 543.48843457543376 2 0
868.39913991746369 3.8141082660793613 2 0
856.74516600406093 2 2 0
712.82781083958946 317.12901870507545 2 0
708.91797251165542 313.37284733237948 2 0
354.5902861129864 368.30709778733359 2 0
343.32064139826093 352.89931568440255 2 0
2 240.1145292900955 2 0
2 222.22598547009721 2 0
982.50692109319664 963.98871463344733 2 0
990.84640455078659 950.91199878433667 2 0
998 952.84523680320831 2 0
944.36144514872876 370.76040392363166 2 0
935.60086008253631 3.8141082660793586 2 0
354.7085048434065 389.8465501000482 2 0
639.68155198051261 159.63710541814288 2 0
651.89043765227211 149.35093349287678 2 0
656.78948887839476 148.84238186340988 2 0
220.79238770010357 2 2 0
238.68093152010186 2 2 0
950.91199878433679 990.84640455078647 2 0
963.98871463344744 982.50692109319652 2 0
952.84523680320831 998 2 0
539.91181688627307 84.505732522357988 2 0
3.7933531867516361 937.19539551589764 2 0
676.54404478661434 203.85424593185181 2 0
998 215.45712845313795 2 0
998 233.34567227313624 2 0
65.397867978116878 201.67602843344469 2 0
51.369124758748761 189.66068242696937 2 0
65.551923861888454 196.00692709582404 2 0
122.33082723286225 202.86112529797282 2 0
3.793353186751645 870.80460448410236 2 0
2 859.15130986597671 2 0
797.87949295960073 123.7583654267263 2 0
805.56358296881649 124.45784326409951 2 0
811.52281122863064 140.58965029241264 2 0
9.103926941273949 336.15302031184603 2 0
2 338.0919007975109 2 0
314.55272265763199 844.74394363846307 2 0
129.19539551589762 996.20664681324831 2 0
140.84869013402323 998 2 0
768.09896260400546 2 2 0
201.33615291427782 64.517645008331385 2 0
195.70091032150262 64.710684851704528 2 0
189.23044050042603 50.584127164443153 2 0
542.03620942046359 812.34077149486325 2 0
530.13703639438961 806.44260402348641 2 0
62.804604484102363 996.20664681324831 2 0
653.15638302164496 678.43769067015967 2 0
668.02612135508627 658.44386577734588 2 0
121.26859463975781 801.9056185110876 2 0
135.85778949396206 793.00634655712975 2 0
138.08345031564977 815.49585767021847 2 0
121.97761154090622 809.50574780109753 2 0
333.4578600145677 9.0527539987146355 2 0
335.4022910700977 2 2 0
948.93491385492791 652.97202737746966 2 0
961.62249133827663 648.47466657848497 2 0
996.22800624511569 873.21422733819816 2 0
21.901938174224995 783.89692194802114 2 0
2 791.31022432960776 2 0
2 773.42168050960936 2 0
982.44444444444446 339.74509583034916 2 0
991 326.8471105345227 2 0
998 328.79698490558883 2 0
998 344.79698490558883 2 0
645.35336628023242 476.49122110052241 2 0
650.55841637047274 463.39749897763278 2 0
996.22800624511569 938.78577266180184 2 0
198.40702068839215 880.25395702383059 2 0
190.86789180550755 879.4218978686614 2 0
185.11648852624245 863.22928167480859 2 0
803.06499596889228 62.032593795822898 2 0
797.56133891056959 47.579020698441738 2 0
815.26095321905882 48.2371849315807 2 0
808.60252744153115 62.2660928572028 2 0
680.95228208786421 6.361514391486855 2 0
666.03225132286627 2 2 0
679.88865778341722 2 2 0
938.78577266180184 996.22800624511569 2 0
988.79097677679033 777.19373645250027 2 0
998 798.07694729549257 2 0
8.8894140912386632 682.51488844389519 2 0
2 680.55451984758793 2 0
64.066802332353106 808.05848528005947 2 0
873.21422733819816 996.22800624511569 2 0
861.56170689117698 998 2 0
818.23097694201124 867.10785951575531 2 0
314.70819915165129 991.16860095696802 2 0
327.4042169732416 982.38004101834053 2 0
332.67357800201347 998 2 0
316.67357800201347 998 2 0
589.50974382377399 394.94134069719803 2 0
585.88917187213963 408.80767741284262 2 0
3.7499999999999996 324.20512371486967 2 0
127.12895472497256 400.16435778832704 2 0
130.36076088427998 377.64964645636485 2 0
232.18896905345002 991.16860095696802 2 0
230.22359020308789 998 2 0
214.22359020308789 998 2 0
3.7499999999999858 259.461398150148 2 0
2 247.80975449651464 2 0
72.238725596390054 199.93390275224056 2 0
396.15175982275264 124.49228436273512 2 0
373.60267425008897 127.82184009809166 2 0
991.22856458347064 691.93789029568575 2 0
998 673.96769032787552 2 0
998 689.96769032787552 2 0
300.73652929239506 718.98517768141858 2 0
551.85201611194861 989.4261754555996 2 0
548.81001564926066 998 2 0
774.73098203378242 991.29058706150727 2 0
787.27711129201543 982.33623824947153 2 0
792.70578695832603 998 2 0
776.70578695832603 998 2 0
699.476834773424 993.8059877884051 2 0
698.40739089584645 998 2 0
257.78312918872933 3.7273398253515859 2 0
246.13247343858978 2 2 0
197.14911827050364 335.33197507703261 2 0
182.33420883411532 317.82808184580693 2 0
8.6452124458326356 498.40576930253542 2 0
2 516.38493263919554 2 0
2 500.3849326391956 2 0
58.899548473731691 382.96722539953913 2 0
46.770274367896576 374.23636718005656 2 0
321.69019003147588 3.7273398253515211 2 0
451.18011656220619 169.60020802428866 2 0
462.58190166266752 149.38772709312218 2 0
8.6452124458326267 419.73347192835217 2 0
2 417.75430859169199 2 0
2 401.75430859169199 2 0
859.18606025130566 581.28442994303464 2 0
851.65908526570979 569.97539331883149 2 0
864.2801835276847 567.33062991673853 2 0
835.79008932640613 341.01185822801204 2 0
830.12335740739104 321.09695402772604 2 0
838.6822911629157 335.92786145054987 2 0
414.27544645862798 8.5787049453212934 2 0
401.89342032435377 17.708029141531789 2 0
412.29220547254232 2 2 0
487.09756167779796 6.1012660482248009 2 0
488.16871749606349 2 2 0
996.29602119030358 252.2003553534114 2 0
998 240.55080793182259 2 0
199.66618018407723 71.25676826249213 2 0
277.23960214715771 829.44138273430974 2 0
274.86945251938391 834.01201792552672 2 0
894.51302992024603 376.93941209081368 2 0
881.60521099230164 385.27896906486211 2 0
878.97801435613781 367.45403445470208 2 0
893.81111157032365 371.87385148599003 2 0
504.84176907037079 427.61838103217946 2 0
996.29602119030358 315.26162116639335 2 0
259.13600091332512 769.81205458197553 2 0
256.6691609210722 772.98862281069898 2 0
991.49024945095164 404.91597746489708 2 0
998 386.92897819696157 2 0
998 402.92897819696157 2 0
352.66209708849038 802.44889134886455 2 0
340.69846772341867 809.51769427441457 2 0
433.05726810864223 240.21425669326595 2 0
991.49024945095164 480.94197892902599 2 0
998 482.92897819696157 2 0
998 498.92897819696157 2 0
355.08969179041031 947.32516010689858 2 0
359.5405676688161 960.0407233579059 2 0
749.49474112272981 3.6798799859801363 2 0
761.1430495510192 2 2 0
314.46431641740583 766.52214205832695 2 0
311.57353874037284 770.96359213275628 2 0
368.12704124888506 885.81397114056631 2 0
360.05223375393143 898.86892939168706 2 0
355.11245634553126 898.32738018762757 2 0
350.1317477255634 883.7116285489343 2 0
755.85442205079107 261.18987565632386 2 0
767.8137946229466 254.41577328389246 2 0
930.54081430143913 195.6614804547628 2 0
749.14909315362536 508.11602600461464 2 0
754.63562478728807 507.6545896725774 2 0
480.30279776635416 998 2 0
464.30279776635416 998 2 0
3.6550035936778906 755.07097774956753 2 0
2 766.71790524398989 2 0
606.68774902732935 325.94568533285246 2 0
602.83400888844312 327.19105674267064 2 0
375.43432430309838 982.24753322894333 2 0
385.64552123676026 998 2 0
369.64552123676026 998 2 0
994.05125042105374 552.65323765589699 2 0
998 537.72519859015949 2 0
998 551.58160505071044 2 0
3.6550035936778613 693.72991312013403 2 0
682.60823602026312 543.82852505477547 2 0
982.22537546935075 633.81013011874461 2 0
998 623.69903673264571 2 0
998 639.69903673264571 2 0
657.20450957487367 950.53976823873563 2 0
665.79610513876071 962.57017585399103 2 0
804.62559772967347 68.458091344368739 2 0
442.61535325362212 856.43195290464587 2 0
443.57651301514386 860.44460880883821 2 0
645.20317522622622 998 2 0
303.68158672400091 996.3706931989974 2 0
595.63224474562264 122.23450638586495 2 0
157.78242657083405 448.72767112956706 2 0
153.56300757915807 450.82463090802349 2 0
518.94083704602065 899.82056401620775 2 0
243.21558148110051 996.37069319899751 2 0
688.3718684856068 3.2787304508160418 2 0
184.41876501241617 742.17593838351695 2 0
170.88281267514157 749.08810116538416 2 0
167.13991164246323 746.3948786415375 2 0
628.00735258025088 84.183326553220525 2 0
996.39725660745648 702.77387973866689 2 0
423.18748977792347 377.97417548046582 2 0
83.802751276675679 634.29985683082282 2 0
93.73555037032277 622.91393809551425 2 0
85.35274468145191 638.41108515215763 2 0
557.29878906588897 5.4366364342066005 2 0
996.39725660745648 762.35438604247224 2 0
224.65371234506409 480.08760637934517 2 0
213.61026311644946 469.88010321905261 2 0
229.13795242008464 461.81149693486009 2 0
5.3582922394378976 621.45242595385616 2 0
13.600891434031539 631.92193305426201 2 0
839.47371600748522 427.60866225306461 2 0
853.32226898042256 421.96426852514759 2 0
854.07987124488636 439.49174605068265 2 0
13.600891434031517 557.64932987912505 2 0
5.358292239437894 568.1188369795309 2 0
764.08789874785919 996.42473658287122 2 0
174.72397862933852 665.19080131516012 2 0
301.93216594372603 244.17864341806282 2 0
571.97368911354999 852.24279838560881 2 0
584.43420571973024 861.49415487603915 2 0
583.36104294443066 866.45877686919619 2 0
568.44779431360234 869.93588303436593 2 0
403.99986408883024 812.33726834384231 2 0
3.5468127897755179 487.95795153088721 2 0
737.56154507126405 450.04482637643821 2 0
752.51887417268813 447.69099367764306 2 0
749.20836890807607 464.81189933876004 2 0
356.56589489943167 303.88846323912617 2 0
346.03229317761134 294.15771225398277 2 0
3.5468127897754869 430.18128970000043 2 0
593.12828658328499 457.1073411695595 2 0
597.72656665294721 443.78841006100919 2 0
424.52555917063864 3.5173328404737916 2 0
35.635691989980486 542.47563524453949 2 0
261.64803473184963 586.23181202703734 2 0
996.51324019880713 414.9658611056829 2 0
996.51324019880713 470.89209528824011 2 0
777.58563041629441 342.69907272385541 2 0
757.93204507171765 346.38830923519487 2 0
452.4653617042934 996.54497577915458 2 0
624.66912413749719 556.10562832958385 2 0
613.47306848441883 546.58901787381092 2 0
397.48295729882091 996.54497577915458 2 0
558.22004841542321 714.671613569393 2 0
553.34471889639417 701.01862848967301 2 0
793.85417034400416 343.29477595933997 2 0
897.875548043452 646.17033663841346 2 0
88.955349961661398 540.67380621890879 2 0
567.35968883454279 525.28347822535375 2 0
998 612.37941232933213 2 0
744.80275770426999 337.95935300590315 2 0
764.52088921213749 335.18481195811904 2 0
509.6270469188176 473.33806690529821 2 0
457.98615570291736 826.0317258662252 2 0
316.99615813991659 597.77712818661234 2 0
705.99822365314208 996.65639077370065 2 0
236.62900241727635 214.0493486728684 2 0
816.25294541707183 735.64271431326824 2 0
553.0936661858857 998 2 0
491.73134171016818 587.14028884851018 2 0
963 521.17397619535996 2 0
950.12054845911291 513.54541633899782 2 0
130.19784908606675 402.97511861708449 2 0
556.31992259414744 101.51555297391326 2 0
673.72343923615756 590.97473731050638 2 0
134.87171295974952 375.48740744000025 2 0
830.08032841958641 534.80284983711306 2 0
817.00866769566176 541.13815688203681 2 0
344.78436686127668 401.24267186681834 2 0
872.84060077960874 528.46235954040753 2 0
887.30130780923741 531.18095734314318 2 0
200.59832960041433 327.74832956160299 2 0
344.8135750647985 636.96981276160977 2 0
331.88817143607696 644.48850251339843 2 0
190.53944693802066 314.79024087401416 2 0
187.30237274535693 654.82454338263153 2 0
529.86148882521536 32.080262990010887 2 0
403.67361853257825 438.06583081068572 2 0
413.39933965243716 449.38668555377541 2 0
838.70686037141786 743.30775654964521 2 0
481.03981763305012 3.3798610855442712 2 0
228.58460546475246 652.84414969833347 2 0
865.33731964873925 793.6868895104725 2 0
899.27308095568628 374.73246712622245 2 0
200.67365390106372 604.75116089560743 2 0
820.24035839941939 862.85740072109752 2 0
434.36962148236444 499.31197460319913 2 0
422.17183238384973 490.82460647286706 2 0
394.21788619103984 133.08507233997869 2 0
737.3563803763451 820.11380365233913 2 0
730.37381985973775 806.36713993555634 2 0
338.2723021497369 176.55141510670151 2 0
358.11130789118994 903.29121727726988 2 0
423.43520435059247 626.54774664421655 2 0
408.7979709891672 622.84108351737893 2 0
377.71400192347659 135.9003626694076 2 0
145.86029344163572 794.22041893768858 2 0
708.79161333183231 342.88210167652045 2 0
724.50684706091829 341.03000720014296 2 0
182.8408540362534 858.58341635201816 2 0
522.91226629820017 316.0356037785707 2 0
147.95136844138162 812.48808615947303 2 0
141.93494938851902 817.43222063218786 2 0
30.973636718041597 220.33652684920651 2 0
849.76269477501273 208.95511499834774 2 0
856.68216132902489 212.73847650850729 2 0
996.56000000000006 557.99580478180121 2 0
153.2174010404861 558.16607517742671 2 0
168.2894013200451 554.02046119543456 2 0
813.63013987449824 144.80563877781461 2 0
815.13202209339397 332.18611679927284 2 0
854.19508514154268 185.83330868967448 2 0
259.44559501302996 816.05937748619556 2 0
268.96187650680628 803.36885874109623 2 0
636.55559908977921 37.121771437183753 2 0
644.4026385212137 38.359516935049555 2 0
279.2448647118801 778.84228959524512 2 0
272.05530020918786 789.65068137509832 2 0
261.61908238521755 801.43213598744762 2 0
296.25815149180016 752.57714286249336 2 0
303.56614309408991 738.75473997450501 2 0
154.90107656544149 445.79415501626164 2 0
748.52439237584883 530.70920426230191 2 0
604.32554394236945 303.74857397316424 2 0
168.24715244341766 465.59276120408475 2 0
694.16932320657315 562.59692431348287 2 0
177.85285564973503 567.0161573063391 2 0
160.80258950001917 469.54680126449131 2 0
65.098132609259807 536.30399953697531 2 0
490.24769472063815 728.77679432104367 2 0
166.2522172382134 680.06005585822993 2 0
253.20576490068063 218.25467402327666 2 0
873.94750230620821 381.9006487095271 2 0
360.16275694711118 409.03795540011475 2 0
872.40739154271057 372.7859606379393 2 0
302.56093015991746 701.47291815695928 2 0
821.25454224089435 319.37082620547744 2 0
457.70964508107852 538.71503842312279 2 0
465.57580215619913 528.22323606539396 2 0
471.56926178123291 528.50331056100219 4 1
454.65474543707967 509.84037023855706 2 0
481.785367366326 522.20798001573053 8 3
478.81416610336066 508.52689953738553 6 2
613.31831370109558 295.94979678979519 2 0
166.7563237414121 186.79065654658356 2 0
159.54046547978695 182.81867525172268 2 0
622.16795721709343 287.98897753992821 2 0
489.64905936130066 715.87010751220191 2 0
337.15154235123134 181.14464027636549 2 0
489.95539933253599 704.08343731251318 2 0
522.35348434350726 688.24377193593978 2 0
337.42425774823039 227.17093115777027 2 0
346.22771438479316 226.63135827065827 2 0
515.02384497787727 678.59371846638703 2 0
281.26868973873093 189.27977606459788 2 0
505.5418223633659 669.27055138696073 2 0
486.77562408278436 683.19625862925716 2 0
292.00521287741225 326.53593057818 2 0
482.64561295410738 985.23624180844877 2 0
485.28129607737861 990.36932243636829 2 0
986.49992855452058 840.29993809743189 2 0
990.21605413837335 838.76621995119376 2 0
962.47798394285758 367.67634826886223 2 0
990.14189559851377 381.5977016426977 2 0
9.9252797316549142 32.943959798741183 2 0
32.943959798741183 9.9252797316549106 2 0
522.54468807473143 945.86079796974377 2 0
524.01833259779562 956.38714651969974 2 0
560.24961528676886 2 2 0
876.44102542447536 806.37616078116059 2 0
609.0417713955112 2 2 0
872.67485717072134 634.24047251509842 2 0
879.78100151778756 631.66875952356349 2 0
2 618.78563146669353 2 0
2 570.78563146669353 2 0
460.00451002954475 172.81264339360729 2 0
98.328724122634839 619.68421566424911 2 0
470.84628449394933 155.07350474907815 2 0
466.89511927884314 148.71046591459699 2 0
517.65749424095839 113.86850128315552 2 0
639.42264727874226 876.38602685893886 2 0
663.01690962960595 872.75883128748808 2 0
228.7758207005746 533.35373668682223 2 0
232.92294492918577 478.9956103321353 2 0
236.77125111335721 466.1092287968375 2 0
274.15114043013961 419.55362876963568 2 0
267.87553126322234 415.15984842311184 2 0
188.91061771541641 738.34594932723496 2 0
434.65008937659155 248.23153899719438 2 0
794.89864039095653 422.41312418543748 2 0
840.43299375651043 341.88040869992034 2 0
696.23178917050188 431.77267023245241 2 0
771.19716587624089 258.71076437217778 2 0
805.86798929270913 262.06997333249097 2 0
820.11012252894272 275.61628695876959 2 0
562.93485516808983 853.92653070900997 2 0
561.25565653865647 864.71353046227625 2 0
215.79630726269608 148.49053017519776 2 0
648.14074700269464 520.67108367748051 2 0
656.68558982966215 520.00703996199957 2 0
664.47986647115033 363.29607494963125 2 0
191.123919959642 150.63315750795351 2 0
532.67429400449578 798.16957572277715 2 0
369.30418673877961 880.6381010611085 2 0
350.01035537420989 878.07182555139389 2 0
214.42115672229627 9.7072881661077766 2 0
814.94730859873573 958.03318105358267 2 0
324.25131882592132 836.64660426977116 2 0
9.8581044014862496 551.31030706533716 2 0
196.82413727245026 229.48828627655234 2 0
206.60187996869109 231.68543601811979 2 0
271.74389115236028 587.57038797230803 2 0
345.92889416745317 230.70140209700796 2 0
990.29271183389221 211.47833565577889 2 0
13.359598235502808 356.64978938772242 2 0
9.783945861626643 397.10785679652662 2 0
353.66168691716797 13.215624205749167 2 0
267.9928248121858 387.45626428176968 2 0
394.0736268583974 9.7839458616266484 2 0
22.84815623299308 33.279740682822919 2 0
45.960719540083758 810.71443832281295 2 0
990.14189559851377 533.19669661122725 2 0
21.950445187624055 169.80836635651121 2 0
45.606031596678044 189.47757943257835 2 0
33.279740682823004 22.848156232993006 2 0
4.481170223894658 177.40433387253856 2 0
208.52584387043612 990.29271183389221 2 0
128.67775211881195 553.44785653038502 2 0
995.41216422139655 803.58285646475701 2 0
995.29203015094413 348.38602342969085 2 0
613.60457824312334 138.15933247023438 2 0
825.80083596235443 958.76451542147254 2 0
467.70201070732065 784.17751286056625 2 0
474.62416744094634 777.06102472517068 2 0
737.10484682961976 175.42794448758198 2 0
861.7749204988944 798.84640579589859 2 0
858.92411932345919 517.97581115911612 2 0
848.85503522139447 517.79861017277904 2 0
119.0984951688624 533.46776126931195 2 0
109.75374825730454 529.38807110023845 2 0
819.06942843747527 271.75100737900152 2 0
449.59548131000139 370.45538801346322 2 0
458.46950416833096 366.3348308503497 2 0
701.46005379210453 172.77837781189254 2 0
538.71686765001027 9.9252797316549106 2 0
518.40231951464727 916.44502908104084 2 0
520.60767816693897 927.47364162962026 2 0
498.97287683373656 899.6604587398233 2 0
489.05389616665622 897.17032822382225 2 0
380.92640985987055 622.05135788224004 2 0
371.29741488470864 624.7742638092684 2 0
588.92712265669013 864.14341157885508 2 0
399.27909789372876 562.68273280808523 2 0
743.9466951942851 834.50150019041519 2 0
749.08821880162861 843.29615569652697 2 0
522.73542351804099 111.40314997531551 2 0
836.18614370634521 971.89404729874252 2 0
682.61346126992885 319.70531850490727 2 0
679.63722214666177 310.28728514667557 2 0
354.99161994699477 806.15189164391154 2 0
482.93063335872449 330.38021163664393 2 0
479.79485730922028 340.18337075851042 2 0
363.32387962132407 341.95634082864785 2 0
358.20738737524152 332.59846011434684 2 0
964.57366819901904 378.59883911372884 2 0
378.56200286827431 359.50433562363577 2 0
370.91757869058239 351.65218020809914 2 0
673.7040265476669 170.94839266663877 2 0
682.09282224751132 166.16476736171813 2 0
836.50598932681396 430.56192639940093 2 0
129.45498236172307 548.79210679942378 2 0
123.863019028312 538.88782903879473 2 0
851.91960713494473 444.92764480581803 2 0
220.64183611900188 17.828421658656382 2 0
221.54363482375823 28.244746211443626 2 0
757.7984417175204 266.30015324383703 2 0
528.51493422696831 65.839643459661502 2 0
668.1075231348683 182.56073728310932 2 0
653.35029278975173 214.27092103266162 2 0
982.09810632617257 215.37033861118755 2 0
971.68436875187092 216.36797076001091 2 0
785.2617309107959 372.37591526896125 2 0
46.185478401830316 200.99838175922599 2 0
