12 12 12 0
12 36 12 0
36 12 12 0
9 56.784609690826528 9 3
52.970562748477136 6 6 1
12 77.569219381653056 12 0
67.667501205176208 9 9 3
22.583005244258363 24 4 2
12 101.56921938165306 12 0
85.667501205176208 9 9 3
25.416407864998739 89.569219381653056 6 1
3 24 3 4
12 125.56921938165306 12 0
76.667501205176208 27.973665961010276 12 0
103.66750120517621 9 9 3
94.667501205176208 21 6 1
22.583005244258363 113.56921938165306 4 2
12 149.56921938165306 12 0
121.66750120517621 9 9 3
32.784609690826528 137.56921938165306 12 0
9 170.35382907247958 9 3
6 185.05076752917864 6 1
24 3 3 4
112.66750120517621 27.973665961010276 12 0
4 194.84872650031136 4 2
142.45211089600275 12 12 0
163.23672058682928 9 9 3
177.93365904352834 6 6 1
194.90422179200547 12 12 0
215.688831482832 9 9 3
236.47344117365853 12 12 0
257.25805086448509 9 9 3
271.95498932118414 6 6 1
281.75294829231683 4 4 2
3 89.569219381653056 3 4
295.60935475286783 12 12 0
316.39396444369436 9 9 3
337.17857413452089 12 12 0
357.96318382534741 9 9 3
372.66012228204647 6 6 1
389.63068503052364 12 12 0
403.48709149107464 4 4 2
417.34349795162564 12 12 0
438.12810764245216 9 9 3
452.82504609915122 6 6 1
3 113.56921938165306 3 4
469.79560884762839 12 12 0
490.58021853845491 9 9 3
3 137.56921938165306 3 4
