900 900 100 0
700 900 100 0
50 950 50 1
900 100 100 0
800 975 25 2
100 100 100 0
150 950 50 1
900 700 100 0
990 990 10 3
700 100 100 0
200 25 25 2
900 300 100 0
5 995 5 4
500 900 100 0
358.57864376269049 950 50 1
100 300 100 0
258.57864376269049 950 50 1
975 800 25 2
100 500 100 0
10 10 10 3
500 100 100 0
50 641.42135623730951 50 1
100 808.57864376269049 100 0
800 25 25 2
900 500 100 0
150 641.42135623730951 50 1
15 995 5 4
300 100 100 0
726.7949192431123 600 100 0
757.4957601840614 746.82458365518551 50 1
975 200 25 2
990 10 10 3
726.7949192431123 400 100 0
553.58983848622461 500 100 0
658.38832108831878 733.49358534734392 50 1
553.58983848622461 300 100 0
589.68381450581774 660.83210466290507 50 1
25 200 25 2
380.38475772933691 400 100 0
657.07201289030661 678.50933912419521 5 4
380.38475772933691 600 100 0
268.5813588543474 500 50 1
836.75444679663246 990 10 3
308.57864376269049 808.57864376269049 100 0
600 975 25 2
975 400 25 2
990 963.24555320336754 10 3
5 985 5 4
411.085598670286 253.17541634481455 50 1
975 600 25 2
311.97815957454338 266.50641465265608 50 1
990 836.75444679663246 10 3
25 400 25 2
855.27864045000422 995 5 4
400 25 25 2
963.24555320336754 990 10 3
600 25 25 2
995 855.27864045000422 5 4
275.48140798400522 332.02730539246937 25 2
990 36.754446796632415 10 3
213.67305907236624 889.92930445200329 25 2
230.57262249887421 407.50494088514711 50 1
995 944.72135954999578 5 4
836.75444679663246 10 10 3
800 825 25 2
561.10937964775189 756.66269306004551 50 1
175 200 25 2
990 163.24555320336759 10 3
944.72135954999578 995 5 4
258.06388757768963 574.25889036300418 25 2
400 175 25 2
963.24555320336754 10 10 3
850.89658242036342 5 5 4
10 745.33309055932295 10 3
257.76114374603281 624.25797381632754 25 2
944.72135954999578 5 5 4
277.07817815170472 670.37578145903854 25 2
10 871.82419696605803 10 3
214.612039225345 598.99624824061198 25 2
995 55.278640450004204 5 4
227.48046796343695 664.0459201587729 25 2
10 686.14271578730529 10 3
568.37722339831623 990 10 3
995 144.72135954999578 5 4
504.48729810778082 614.95190528383296 25 2
10 596.69999668731373 10 3
5 853.30000331268627 5 4
488.69916869705497 662.39381681477971 25 2
631.62277660168377 990 10 3
622.70077532393918 799.45872066377683 25 2
5 763.85728421269471 5 4
455.67873944391715 729.73363602999973 50 1
600 175 25 2
36.754446796632415 10 10 3
696.09407830216321 253.17541634481455 50 1
242.40933842500939 294.52746252499935 25 2
163.24555320336759 10 10 3
822.61231117290151 5 5 4
368.37722339831623 10 10 3
765.66289945169717 281.19646421715782 25 2
149.10341757963664 5 5 4
800 175 25 2
10 36.754446796632415 10 3
762.60612308660188 208.19183588453086 25 2
5 50.896582420363366 5 4
431.62277660168377 10 10 3
177.38768882709854 5 5 4
10 706.14271578730529 10 3
240.25674493247311 244.57382060315453 25 2
10 163.24555320336759 10 3
445.76491222541472 5 5 4
990 568.37722339831623 10 3
5 177.38768882709854 5 4
990 631.62277660168377 10 3
5 149.10341757963664 5 4
768.37722339831623 10 10 3
55.278640450004204 5 5 4
763.24555320336754 990 10 3
990 768.37722339831623 10 3
754.23508777458528 5 5 4
10 905.27864045000422 10 3
995 822.61231117290151 5 4
